Node	Degree	R[0]	R[0] Rank	R[200]	Ranking	Network_Id
ALS2_HUMAN	27.00	24.37	48	0.00310	30	2
1433B_HUMAN	8.00	7.22	77	0.00052	87	1
RAC1_HUMAN	340.00	306.85	2	0.03145	2	2
RAB5A_HUMAN	57.00	51.44	21	0.00549	15	2
ANXA5_HUMAN	1.00	0.90	850	0.00016	859	2
CASP_HUMAN	1.00	0.90	851	0.00016	860	2
CCND2_HUMAN	1.00	0.90	852	0.00016	861	2
FCER2_HUMAN	1.00	0.90	853	0.00016	862	2
FSTL1_HUMAN	1.00	0.90	854	0.00016	863	2
GD1L1_HUMAN	1.00	0.90	855	0.00016	864	2
GP2_HUMAN	1.00	0.90	856	0.00016	865	2
IPYR_HUMAN	2.00	1.81	484	0.00024	417	1
K0652_HUMAN	1.00	0.90	857	0.00016	866	2
K1C19_HUMAN	3.00	2.71	292	0.00027	325	1
KCC1A_HUMAN	3.00	2.71	293	0.00030	262	1
MFAP3_HUMAN	1.00	0.90	858	0.00016	867	2
MIOX_HUMAN	1.00	0.90	860	0.00016	869	2
PALM_HUMAN	1.00	0.90	859	0.00016	868	2
PGTB_HUMAN	1.00	0.90	862	0.00016	871	2
PPP6_HUMAN	1.00	0.90	861	0.00016	870	2
RA51B_HUMAN	1.00	0.90	864	0.00016	873	2
SDC3_HUMAN	1.00	0.90	863	0.00016	872	2
SELPL_HUMAN	1.00	0.90	866	0.00016	875	2
SNX16_HUMAN	1.00	0.90	865	0.00016	874	2
TGM2_HUMAN	2.00	1.81	486	0.00022	500	1
TR10B_HUMAN	2.00	1.81	485	0.00024	418	1
TXND5_HUMAN	1.00	0.90	868	0.00016	877	2
WDR39_HUMAN	1.00	0.90	867	0.00016	876	2
APAF_HUMAN	33.00	29.78	41	0.00225	38	1
B2CL1_HUMAN	10.00	9.03	63	0.00066	68	1
BCLX_HUMAN	45.00	40.61	28	0.00308	31	1
CASP9_HUMAN	60.00	54.15	19	0.00400	25	1
MTNB_HUMAN	1.00	0.90	869	0.00012	2257	1
PP1A_HUMAN	10.00	9.03	64	0.00062	74	1
TRIA1_HUMAN	2.00	1.81	487	0.00020	661	1
CYC_HUMAN	46.00	41.52	27	0.00340	28	1
XIAP_HUMAN	6.00	5.42	122	0.00043	111	1
CASP8_HUMAN	10.00	9.03	65	0.00067	66	1
CASP3_HUMAN	183.00	165.16	4	0.01416	5	1
CASP7_HUMAN	6.00	5.42	121	0.00043	114	1
HIP1_HUMAN	3.00	2.71	294	0.00023	442	1
FEM1B_HUMAN	1.00	0.90	870	0.00012	2258	1
HSP74_HUMAN	9.00	8.12	72	0.00067	63	1
HS90A_HUMAN	9.00	8.12	73	0.00067	64	1
CASP4_HUMAN	3.00	2.71	296	0.00024	409	1
NALP1_HUMAN	4.00	3.61	203	0.00029	278	1
HSP71_HUMAN	6.00	5.42	123	0.00041	131	1
AVEN_HUMAN	3.00	2.71	295	0.00023	461	1
BCL2_HUMAN	137.00	123.64	8	0.00957	9	1
TOP1_HUMAN	3.00	2.71	297	0.00026	354	1
UACA_HUMAN	1.00	0.90	871	0.00012	2259	1
B2L10_HUMAN	5.00	4.51	149	0.00034	198	1
BIRC2_HUMAN	6.00	5.42	124	0.00043	108	1
E2F7_HUMAN	1.00	0.90	873	0.00012	2261	1
TFDP1_HUMAN	2.00	1.81	488	0.00020	662	1
TFDP2_HUMAN	1.00	0.90	872	0.00012	2260	1
BAXA_HUMAN	8.00	7.22	78	0.00053	85	1
BAX_HUMAN	83.00	74.91	15	0.00581	13	1
CASP6_HUMAN	4.00	3.61	204	0.00032	237	1
P53_HUMAN	753.00	679.58	1	0.07629	1	1
HSPB1_HUMAN	8.00	7.22	79	0.00060	78	1
DBLOH_HUMAN	4.00	3.61	206	0.00029	275	1
BAD_HUMAN	62.00	55.96	18	0.00408	24	1
1433S_HUMAN	4.00	3.61	205	0.00031	248	1
B2CL2_HUMAN	5.00	4.51	150	0.00037	160	1
B2LA1_HUMAN	3.00	2.71	300	0.00023	465	1
EWS_HUMAN	2.00	1.81	489	0.00020	675	1
1433E_HUMAN	4.00	3.61	207	0.00032	235	1
1433G_HUMAN	6.00	5.42	125	0.00044	104	1
PAK1_HUMAN	3.00	2.71	298	0.00025	393	1
KS6A5_HUMAN	3.00	2.71	299	0.00023	464	1
AKT1_HUMAN	12.00	10.83	56	0.00080	57	1
KS6A1_HUMAN	1.00	0.90	875	0.00012	2270	1
BCLW_HUMAN	2.00	1.81	491	0.00017	805	1
BID_HUMAN	66.00	59.57	17	0.00460	20	1
CANB1_HUMAN	53.00	47.83	25	0.00278	33	1
PP2BC_HUMAN	39.00	35.20	35	0.00199	45	1
PIM3_HUMAN	1.00	0.90	874	0.00012	2269	1
KPCI_HUMAN	3.00	2.71	301	0.00025	399	1
PAK7_HUMAN	2.00	1.81	490	0.00019	702	1
PIM1_HUMAN	1.00	0.90	877	0.00012	2272	1
KS6A2_HUMAN	1.00	0.90	876	0.00012	2271	1
MCL1_HUMAN	6.00	5.42	126	0.00040	136	1
BFL1_HUMAN	2.00	1.81	493	0.00017	806	1
SUMO2_HUMAN	4.00	3.61	209	0.00034	196	1
1433T_HUMAN	4.00	3.61	208	0.00031	249	1
MK08_HUMAN	10.00	9.03	66	0.00067	65	1
KAP0_HUMAN	2.00	1.81	492	0.00019	722	1
RAF1_HUMAN	7.00	6.32	96	0.00043	113	1
HRK_HUMAN	3.00	2.71	302	0.00023	468	1
MK03_HUMAN	8.00	7.22	80	0.00052	86	1
1433Z_HUMAN	5.00	4.51	152	0.00037	163	1
S10AA_HUMAN	1.00	0.90	878	0.00012	2273	1
SYUA_HUMAN	5.00	4.51	151	0.00037	164	1
1433F_HUMAN	2.00	1.81	494	0.00017	809	1
PIM2_HUMAN	1.00	0.90	879	0.00012	2274	1
B2L11_HUMAN	4.00	3.61	212	0.00029	274	1
WASF1_HUMAN	2.00	1.81	495	0.00019	703	1
MP2K5_HUMAN	1.00	0.90	881	0.00012	2276	1
TERA_HUMAN	4.00	3.61	211	0.00034	197	1
KAPCA_HUMAN	5.00	4.51	153	0.00035	193	1
MK09_HUMAN	3.00	2.71	303	0.00027	316	1
PRDX2_HUMAN	1.00	0.90	880	0.00012	2275	1
CDN1A_HUMAN	4.00	3.61	210	0.00032	236	1
PP2BA_HUMAN	89.00	80.32	14	0.00549	16	1
NAF1_HUMAN	3.00	2.71	304	0.00023	447	1
CANB2_HUMAN	30.00	27.07	44	0.00138	51	1
CHP1_HUMAN	38.00	34.29	38	0.00190	46	1
CHP2_HUMAN	34.00	30.68	40	0.00158	49	1
KAP1_HUMAN	1.00	0.90	883	0.00012	2278	1
PRKX_HUMAN	1.00	0.90	882	0.00012	2277	1
NGF_HUMAN	4.00	3.61	213	0.00032	229	1
KS6A3_HUMAN	5.00	4.51	159	0.00032	223	1
MK01_HUMAN	13.00	11.73	53	0.00082	56	1
TNR16_HUMAN	5.00	4.51	158	0.00043	112	1
BBC3B_HUMAN	5.00	4.51	157	0.00037	162	1
BBC3_HUMAN	5.00	4.51	156	0.00037	161	1
BAK_HUMAN	5.00	4.51	155	0.00037	159	1
ERN1_HUMAN	5.00	4.51	154	0.00039	143	1
KCNA3_HUMAN	1.00	0.90	884	0.00012	2190	1
MOAP1_HUMAN	3.00	2.71	306	0.00024	439	1
SHLB1_HUMAN	1.00	0.90	887	0.00012	2193	1
VDAC1_HUMAN	3.00	2.71	305	0.00023	443	1
XRCC6_HUMAN	2.00	1.81	496	0.00020	633	1
ADT1_HUMAN	1.00	0.90	886	0.00012	2192	1
APR_HUMAN	4.00	3.61	214	0.00031	247	1
CRYAA_HUMAN	1.00	0.90	885	0.00012	2191	1
CRYAB_HUMAN	5.00	4.51	160	0.00039	145	1
R144B_HUMAN	3.00	2.71	310	0.00026	359	1
PARK7_HUMAN	5.00	4.51	163	0.00040	142	1
UHRF2_HUMAN	2.00	1.81	500	0.00020	635	1
CH60_HUMAN	4.00	3.61	215	0.00032	232	1
TOM40_HUMAN	25.00	22.56	50	0.00284	32	1
ASC_HUMAN	3.00	2.71	311	0.00026	355	1
NOL3_HUMAN	1.00	0.90	888	0.00012	2194	1
UBC_HUMAN	28.00	25.27	46	0.00178	48	1
MYC_HUMAN	5.00	4.51	161	0.00037	157	1
PRS6A_HUMAN	3.00	2.71	307	0.00026	372	1
HDAC6_HUMAN	2.00	1.81	497	0.00019	716	1
PRS8_HUMAN	3.00	2.71	308	0.00026	373	1
TOM22_HUMAN	2.00	1.81	499	0.00021	563	1
JMY_HUMAN	2.00	1.81	498	0.00020	634	1
TF65_HUMAN	5.00	4.51	162	0.00036	173	1
ASPP2_HUMAN	3.00	2.71	309	0.00026	367	1
ASPP1_HUMAN	1.00	0.90	891	0.00012	2197	1
EP300_HUMAN	4.00	3.61	218	0.00033	215	1
CBP_HUMAN	7.00	6.32	97	0.00051	89	1
SP1_HUMAN	5.00	4.51	164	0.00038	154	1
PO4F1_HUMAN	1.00	0.90	892	0.00012	2198	1
CLUS_HUMAN	2.00	1.81	502	0.00017	820	1
MAX_HUMAN	4.00	3.61	219	0.00032	231	1
PO4F2_HUMAN	1.00	0.90	893	0.00012	2199	1
HUNIN_HUMAN	1.00	0.90	889	0.00012	2195	1
BI1_HUMAN	3.00	2.71	312	0.00023	450	1
XRCC5_HUMAN	2.00	1.81	501	0.00020	636	1
KPCE_HUMAN	4.00	3.61	216	0.00027	345	1
JUN_HUMAN	11.00	9.93	60	0.00072	59	1
UVRAG_HUMAN	1.00	0.90	890	0.00012	2196	1
PIN1_HUMAN	4.00	3.61	217	0.00033	218	1
GSK3B_HUMAN	3.00	2.71	313	0.00027	346	1
TOM20_HUMAN	3.00	2.71	315	0.00027	337	1
APRIO_HUMAN	2.00	1.81	504	0.00021	583	1
PRIO_HUMAN	3.00	2.71	314	0.00026	349	1
IRF3_HUMAN	1.00	0.90	895	0.00012	2200	1
SIR1_HUMAN	2.00	1.81	505	0.00020	637	1
BRD7_HUMAN	3.00	2.71	317	0.00026	357	1
PK3CD_HUMAN	4.00	3.61	222	0.00031	242	1
CTBP1_HUMAN	3.00	2.71	316	0.00027	319	1
PK3CA_HUMAN	6.00	5.42	127	0.00042	119	1
PK3CB_HUMAN	4.00	3.61	221	0.00031	241	1
PK3CG_HUMAN	4.00	3.61	220	0.00031	240	1
TNFA_HUMAN	160.00	144.40	6	0.01279	6	1
PARG_HUMAN	2.00	1.81	503	0.00018	740	1
GPX1_HUMAN	41.00	37.00	33	0.00414	23	1
VEGFA_HUMAN	148.00	133.57	7	0.01213	7	1
BECN1_HUMAN	1.00	0.90	894	0.00012	2201	1
BIK_HUMAN	2.00	1.81	509	0.00018	794	1
BMF_HUMAN	1.00	0.90	901	0.00012	2207	1
BNIPL_HUMAN	1.00	0.90	899	0.00012	2205	1
RAD9A_HUMAN	1.00	0.90	900	0.00012	2206	1
SEC20_HUMAN	1.00	0.90	903	0.00012	2209	1
SMN_HUMAN	173.00	156.13	5	0.01987	4	1
SPNS1_HUMAN	2.00	1.81	510	0.00018	761	1
BFAR_HUMAN	1.00	0.90	902	0.00012	2208	1
PRKN2_HUMAN	4.00	3.61	223	0.00031	256	1
TPIP1_HUMAN	2.00	1.81	508	0.00020	638	1
BIM_HUMAN	2.00	1.81	506	0.00018	792	1
BAG1_HUMAN	2.00	1.81	507	0.00018	793	1
AMRA1_HUMAN	1.00	0.90	897	0.00012	2203	1
PPID_HUMAN	1.00	0.90	898	0.00012	2204	1
CPT1A_HUMAN	1.00	0.90	896	0.00012	2202	1
PP1B_HUMAN	5.00	4.51	165	0.00031	244	1
CAN2_HUMAN	2.00	1.81	515	0.00017	804	1
PPIF_HUMAN	2.00	1.81	514	0.00020	640	1
BAG3_HUMAN	4.00	3.61	228	0.00032	225	1
KEAP1_HUMAN	2.00	1.81	516	0.00020	615	1
MDM4_HUMAN	3.00	2.71	320	0.00026	351	1
NMT2_HUMAN	4.00	3.61	226	0.00036	172	1
CDK1_HUMAN	2.00	1.81	513	0.00020	639	1
BAK2_HUMAN	4.00	3.61	227	0.00029	276	1
BCLF1_HUMAN	1.00	0.90	904	0.00012	2210	1
IRS1_HUMAN	3.00	2.71	319	0.00024	413	1
MYB_HUMAN	4.00	3.61	225	0.00030	259	1
BAG4_HUMAN	4.00	3.61	224	0.00030	265	1
BNIP3_HUMAN	2.00	1.81	511	0.00018	795	1
PSN1_HUMAN	5.00	4.51	166	0.00038	150	1
RTN4_HUMAN	2.00	1.81	512	0.00018	796	1
B2L14_HUMAN	3.00	2.71	318	0.00026	378	1
PP1G_HUMAN	7.00	6.32	98	0.00045	102	1
BNI3L_HUMAN	3.00	2.71	322	0.00026	379	1
VRK2_HUMAN	2.00	1.81	522	0.00020	641	1
PML_HUMAN	6.00	5.42	128	0.00046	99	1
PAXI_HUMAN	3.00	2.71	321	0.00026	376	1
CREB1_HUMAN	5.00	4.51	168	0.00038	149	1
DYL1_HUMAN	2.00	1.81	520	0.00019	704	1
IRS2_HUMAN	2.00	1.81	521	0.00018	797	1
SPB8_HUMAN	1.00	0.90	906	0.00012	2212	1
CISD2_HUMAN	1.00	0.90	907	0.00012	2213	1
CUL3_HUMAN	2.00	1.81	518	0.00019	708	1
RBX1_HUMAN	2.00	1.81	519	0.00018	741	1
BNIP2_HUMAN	4.00	3.61	229	0.00028	287	1
RXRA_HUMAN	2.00	1.81	517	0.00021	535	1
BAP31_HUMAN	5.00	4.51	167	0.00039	144	1
RXRG_HUMAN	1.00	0.90	905	0.00012	2211	1
MTOR_HUMAN	3.00	2.71	324	0.00027	339	1
IL7_HUMAN	1.00	0.90	911	0.00012	2217	1
BCN1_HUMAN	2.00	1.81	525	0.00018	798	1
BLK_HUMAN	3.00	2.71	323	0.00023	448	1
PARP1_HUMAN	5.00	4.51	169	0.00040	141	1
PP2AA_HUMAN	8.00	7.22	82	0.00050	91	1
SODC_HUMAN	44.00	39.71	30	0.00373	27	1
RRAS_HUMAN	2.00	1.81	524	0.00019	690	1
MK11_HUMAN	104.00	93.86	10	0.00671	11	1
KPCA_HUMAN	10.00	9.03	67	0.00068	61	1
BRCA1_HUMAN	4.00	3.61	230	0.00032	233	1
RASN_HUMAN	2.00	1.81	523	0.00019	689	1
IKZF3_HUMAN	1.00	0.90	910	0.00012	2216	1
ZBT17_HUMAN	1.00	0.90	909	0.00012	2215	1
ATG12_HUMAN	1.00	0.90	908	0.00012	2214	1
RASH_HUMAN	8.00	7.22	81	0.00054	84	1
ITM2B_HUMAN	1.00	0.90	916	0.00012	2222	1
MK14_HUMAN	270.00	243.67	3	0.02030	3	1
NR4A1_HUMAN	2.00	1.81	530	0.00020	643	1
RASK_HUMAN	1.00	0.90	915	0.00012	2221	1
CDK2_HUMAN	2.00	1.81	528	0.00020	642	1
AT2A2_HUMAN	2.00	1.81	529	0.00018	733	1
IL7RA_HUMAN	1.00	0.90	914	0.00012	2220	1
FKBP8_HUMAN	2.00	1.81	527	0.00018	748	1
2A5A_HUMAN	2.00	1.81	526	0.00017	811	1
BLID_HUMAN	1.00	0.90	913	0.00012	2219	1
IKKA_HUMAN	4.00	3.61	232	0.00032	221	1
IKKB_HUMAN	5.00	4.51	170	0.00039	148	1
NEMO_HUMAN	4.00	3.61	231	0.00029	267	1
SQSTM_HUMAN	10.00	9.03	68	0.00068	62	1
STAT1_HUMAN	6.00	5.42	129	0.00044	105	1
SF01_HUMAN	1.00	0.90	912	0.00012	2218	1
GATA4_HUMAN	1.00	0.90	923	0.00012	2223	1
ITPR1_HUMAN	1.00	0.90	924	0.00012	2224	1
BNIP1_HUMAN	2.00	1.81	535	0.00018	799	1
IL2RG_HUMAN	3.00	2.71	327	0.00023	449	1
JAK3_HUMAN	4.00	3.61	236	0.00030	264	1
CFLAR_HUMAN	4.00	3.61	237	0.00033	206	1
RTN1_HUMAN	1.00	0.90	925	0.00012	2251	1
PSN2_HUMAN	3.00	2.71	328	0.00024	408	1
B2L12_HUMAN	1.00	0.90	928	0.00012	2254	1
PDCD8_HUMAN	2.00	1.81	536	0.00018	766	1
AIOL_HUMAN	1.00	0.90	926	0.00012	2252	1
ANTR1_HUMAN	1.00	0.90	927	0.00012	2253	1
SIVA_HUMAN	2.00	1.81	538	0.00020	660	1
BAXB_HUMAN	1.00	0.90	930	0.00012	2256	1
Q8WYM0_HUMAN	1.00	0.90	929	0.00012	2255	1
RFA1_HUMAN	2.00	1.81	537	0.00020	646	1
CSK21_HUMAN	3.00	2.71	325	0.00026	356	1
CAV1_HUMAN	7.00	6.32	99	0.00055	82	1
CSK22_HUMAN	2.00	1.81	531	0.00018	754	1
CSK2B_HUMAN	4.00	3.61	233	0.00030	260	1
KC1E_HUMAN	2.00	1.81	532	0.00020	644	1
GRAB_HUMAN	3.00	2.71	326	0.00024	436	1
CRNL1_HUMAN	1.00	0.90	917	0.00012	2225	1
KC1A_HUMAN	4.00	3.61	234	0.00032	228	1
NMT1_HUMAN	2.00	1.81	533	0.00020	645	1
G3P_HUMAN	4.00	3.61	235	0.00033	203	1
PKHM1_HUMAN	1.00	0.90	919	0.00012	2227	1
DPYL1_HUMAN	1.00	0.90	918	0.00012	2226	1
ERG28_HUMAN	1.00	0.90	922	0.00012	2230	1
FBN3_HUMAN	1.00	0.90	921	0.00012	2229	1
GBP2_HUMAN	1.00	0.90	920	0.00012	2228	1
RBM48_HUMAN	2.00	1.81	534	0.00021	537	1
SETB1_HUMAN	2.00	1.81	541	0.00021	538	1
TBB2B_HUMAN	1.00	0.90	935	0.00012	2231	1
TLE1_HUMAN	2.00	1.81	542	0.00021	539	1
ZHX1_HUMAN	2.00	1.81	543	0.00020	647	1
ITCH_HUMAN	2.00	1.81	544	0.00020	648	1
RFA2_HUMAN	1.00	0.90	936	0.00012	2232	1
TNFL6_HUMAN	5.00	4.51	171	0.00035	174	1
CASPA_HUMAN	5.00	4.51	172	0.00038	155	1
TNR1A_HUMAN	132.00	119.13	9	0.00957	8	1
ATR_HUMAN	2.00	1.81	545	0.00020	649	1
CATD_HUMAN	2.00	1.81	546	0.00020	650	1
CASP1_HUMAN	55.00	49.64	23	0.00416	22	1
CASP2_HUMAN	5.00	4.51	173	0.00036	171	1
TRADD_HUMAN	6.00	5.42	131	0.00041	133	1
RIPK1_HUMAN	7.00	6.32	100	0.00047	97	1
CRADD_HUMAN	3.00	2.71	333	0.00023	445	1
M3K5_HUMAN	95.00	85.74	11	0.00656	12	1
EZRI_HUMAN	2.00	1.81	539	0.00018	764	1
FADD_HUMAN	6.00	5.42	130	0.00043	109	1
GDIR1_HUMAN	3.00	2.71	329	0.00025	390	1
MOES_HUMAN	2.00	1.81	540	0.00018	765	1
RHOA_HUMAN	3.00	2.71	330	0.00025	391	1
ATM_HUMAN	4.00	3.61	238	0.00035	194	1
RPB9_HUMAN	1.00	0.90	931	0.00011	2343	1
CALM_HUMAN	13.00	11.73	54	0.00071	60	1
PPIA_HUMAN	3.00	2.71	331	0.00020	677	1
CABP5_HUMAN	1.00	0.90	933	0.00011	2345	1
CABP1_HUMAN	1.00	0.90	932	0.00011	2344	1
PSA7_HUMAN	1.00	0.90	934	0.00011	2346	1
FKB1A_HUMAN	3.00	2.71	332	0.00022	484	1
CALL3_HUMAN	8.00	7.22	84	0.00042	115	1
PLCB4_HUMAN	8.00	7.22	83	0.00040	134	1
PDE4D_HUMAN	3.00	2.71	336	0.00020	678	1
PLCG1_HUMAN	12.00	10.83	57	0.00064	71	1
PLCG2_HUMAN	7.00	6.32	109	0.00035	183	1
CABP2_HUMAN	1.00	0.90	938	0.00011	2347	1
IQCB1_HUMAN	3.00	2.71	335	0.00026	374	1
PLCB1_HUMAN	8.00	7.22	90	0.00041	124	1
PLCB2_HUMAN	11.00	9.93	61	0.00059	79	1
PLCB3_HUMAN	8.00	7.22	89	0.00041	123	1
TRAF3_HUMAN	9.00	8.12	74	0.00056	80	1
NFAT5_HUMAN	7.00	6.32	113	0.00035	186	1
P2BA_HUMAN	1.00	0.90	939	0.00011	2348	1
NFAC1_HUMAN	6.00	5.42	133	0.00033	208	1
NFAC2_HUMAN	7.00	6.32	112	0.00039	147	1
ANC2_HUMAN	8.00	7.22	91	0.00041	129	1
APC10_HUMAN	7.00	6.32	110	0.00035	184	1
APC11_HUMAN	7.00	6.32	111	0.00035	185	1
APC13_HUMAN	7.00	6.32	106	0.00035	180	1
APC1_HUMAN	7.00	6.32	105	0.00035	179	1
APC4_HUMAN	7.00	6.32	104	0.00035	178	1
APC5_HUMAN	7.00	6.32	103	0.00035	177	1
APC7_HUMAN	7.00	6.32	102	0.00035	176	1
CALL5_HUMAN	8.00	7.22	86	0.00042	117	1
CALL6_HUMAN	8.00	7.22	85	0.00042	116	1
CDC16_HUMAN	7.00	6.32	101	0.00035	175	1
CDC20_HUMAN	8.00	7.22	88	0.00042	118	1
CDC23_HUMAN	7.00	6.32	108	0.00035	182	1
CDC26_HUMAN	7.00	6.32	107	0.00035	181	1
CDC27_HUMAN	8.00	7.22	87	0.00042	122	1
PP2AB_HUMAN	4.00	3.61	239	0.00026	377	1
PPR1B_HUMAN	3.00	2.71	334	0.00020	680	1
2AAA_HUMAN	6.00	5.42	132	0.00038	156	1
TB10C_HUMAN	1.00	0.90	937	0.00010	2359	1
NFAC3_HUMAN	4.00	3.61	243	0.00023	467	1
NFAC4_HUMAN	4.00	3.61	244	0.00024	414	1
NLRC4_HUMAN	2.00	1.81	552	0.00021	598	1
NOD1_HUMAN	2.00	1.81	553	0.00018	769	1
CAR16_HUMAN	1.00	0.90	944	0.00012	2041	1
CEBPB_HUMAN	4.00	3.61	242	0.00032	230	1
CAR12_HUMAN	1.00	0.90	945	0.00012	2042	1
CARD4_HUMAN	2.00	1.81	551	0.00018	768	1
NOD2_HUMAN	2.00	1.81	555	0.00019	711	1
LMNA_HUMAN	1.00	0.90	947	0.00012	2044	1
PAAF1_HUMAN	1.00	0.90	948	0.00012	2045	1
PRS6B_HUMAN	2.00	1.81	556	0.00018	755	1
PSD10_HUMAN	2.00	1.81	554	0.00021	599	1
RIPK2_HUMAN	3.00	2.71	340	0.00023	444	1
ATX3_HUMAN	1.00	0.90	946	0.00012	2043	1
NEDD4_HUMAN	6.00	5.42	135	0.00041	126	1
AP2A_HUMAN	3.00	2.71	337	0.00027	331	1
CARD8_HUMAN	2.00	1.81	547	0.00018	767	1
CAR17_HUMAN	1.00	0.90	941	0.00012	2038	1
FGF2_HUMAN	3.00	2.71	338	0.00027	343	1
ANDR_HUMAN	5.00	4.51	174	0.00040	137	1
TAU_HUMAN	4.00	3.61	240	0.00031	246	1
PA24A_HUMAN	6.00	5.42	134	0.00040	139	1
CASPE_HUMAN	1.00	0.90	940	0.00012	2037	1
NALP3_HUMAN	1.00	0.90	943	0.00012	2040	1
IL18_HUMAN	2.00	1.81	549	0.00019	724	1
MEFV_HUMAN	2.00	1.81	550	0.00019	710	1
EGFR_HUMAN	3.00	2.71	339	0.00027	347	1
TRAF2_HUMAN	5.00	4.51	175	0.00036	167	1
IL33_HUMAN	1.00	0.90	942	0.00012	2039	1
ICAL_HUMAN	2.00	1.81	548	0.00019	723	1
IL1B_HUMAN	4.00	3.61	241	0.00032	234	1
PKN1_HUMAN	10.00	9.03	70	0.00063	73	1
TIRAP_HUMAN	1.00	0.90	958	0.00012	2046	1
NF2L2_HUMAN	2.00	1.81	567	0.00019	725	1
IL1A_HUMAN	2.00	1.81	566	0.00019	712	1
ATN1_HUMAN	2.00	1.81	568	0.00019	726	1
PANX1_HUMAN	1.00	0.90	960	0.00012	2048	1
HD_HUMAN	3.00	2.71	343	0.00027	332	1
UCHL5_HUMAN	1.00	0.90	959	0.00012	2047	1
MYD88_HUMAN	2.00	1.81	562	0.00020	665	1
GDIS_HUMAN	3.00	2.71	342	0.00026	358	1
ACINU_HUMAN	1.00	0.90	957	0.00013	1989	1
BIRC4_HUMAN	2.00	1.81	561	0.00018	758	1
BIRC6_HUMAN	2.00	1.81	565	0.00018	759	1
VIME_HUMAN	4.00	3.61	245	0.00034	201	1
GDIR2_HUMAN	2.00	1.81	564	0.00020	656	1
GRAP1_HUMAN	2.00	1.81	563	0.00018	744	1
ROCK1_HUMAN	2.00	1.81	560	0.00020	655	1
BIRC3_HUMAN	5.00	4.51	176	0.00036	170	1
DFFA_HUMAN	1.00	0.90	953	0.00013	1985	1
PI51A_HUMAN	1.00	0.90	954	0.00013	1986	1
SLK_HUMAN	1.00	0.90	955	0.00013	1987	1
DSG3_HUMAN	1.00	0.90	956	0.00013	1988	1
A4_HUMAN	8.00	7.22	92	0.00055	81	1
CDC42_HUMAN	10.00	9.03	69	0.00066	67	1
GELS_HUMAN	1.00	0.90	950	0.00013	1982	1
GOGA3_HUMAN	1.00	0.90	951	0.00013	1983	1
KPCZ_HUMAN	3.00	2.71	341	0.00024	415	1
GORS1_HUMAN	1.00	0.90	949	0.00013	1981	1
AKAP8_HUMAN	1.00	0.90	952	0.00013	1984	1
RAD51_HUMAN	2.00	1.81	559	0.00021	586	1
MLH1_HUMAN	2.00	1.81	557	0.00018	772	1
BCAR1_HUMAN	2.00	1.81	558	0.00020	654	1
RABE1_HUMAN	2.00	1.81	575	0.00020	627	1
PTBP1_HUMAN	1.00	0.90	971	0.00013	2000	1
SPTN1_HUMAN	7.00	6.32	114	0.00044	103	1
BLM_HUMAN	2.00	1.81	576	0.00021	591	1
ADDA_HUMAN	1.00	0.90	972	0.00013	2001	1
LYN_HUMAN	3.00	2.71	349	0.00024	404	1
EIF3J_HUMAN	1.00	0.90	973	0.00013	2002	1
E2AK2_HUMAN	4.00	3.61	249	0.00034	200	1
HNRPU_HUMAN	4.00	3.61	247	0.00032	239	1
MEF2A_HUMAN	4.00	3.61	246	0.00029	281	1
MET_HUMAN	3.00	2.71	347	0.00027	311	1
RFC1_HUMAN	2.00	1.81	573	0.00021	590	1
MYL3_HUMAN	1.00	0.90	970	0.00013	1999	1
RASA1_HUMAN	3.00	2.71	348	0.00028	292	1
SRF_HUMAN	4.00	3.61	248	0.00029	273	1
VAV_HUMAN	2.00	1.81	574	0.00020	657	1
GATA1_HUMAN	1.00	0.90	964	0.00013	1993	1
KPCT_HUMAN	1.00	0.90	965	0.00013	1994	1
PSIP1_HUMAN	1.00	0.90	966	0.00013	1995	1
JIP3_HUMAN	3.00	2.71	346	0.00023	459	1
UBE4B_HUMAN	2.00	1.81	572	0.00021	589	1
DFFB_HUMAN	1.00	0.90	967	0.00013	1996	1
AIFM1_HUMAN	1.00	0.90	968	0.00013	1997	1
PKN2_HUMAN	1.00	0.90	969	0.00013	1998	1
PSME3_HUMAN	2.00	1.81	569	0.00021	587	1
BIRC7_HUMAN	2.00	1.81	570	0.00018	760	1
BIRC5_HUMAN	3.00	2.71	344	0.00025	403	1
PYR1_HUMAN	1.00	0.90	961	0.00013	1990	1
SRBP2_HUMAN	2.00	1.81	571	0.00021	588	1
STK24_HUMAN	1.00	0.90	962	0.00013	1991	1
CADH1_HUMAN	3.00	2.71	345	0.00027	344	1
IF2A_HUMAN	1.00	0.90	963	0.00013	1992	1
USO1_HUMAN	2.00	1.81	579	0.00021	593	1
M3K14_HUMAN	3.00	2.71	358	0.00024	412	1
DCTN1_HUMAN	3.00	2.71	357	0.00023	481	1
HMGB1_HUMAN	3.00	2.71	356	0.00027	317	1
PDE5A_HUMAN	1.00	0.90	990	0.00013	2019	1
FBW1A_HUMAN	3.00	2.71	355	0.00027	333	1
PDE10_HUMAN	1.00	0.90	989	0.00013	2018	1
HEY2_HUMAN	1.00	0.90	988	0.00013	2017	1
IF4G2_HUMAN	1.00	0.90	987	0.00013	2016	1
SYSM_HUMAN	1.00	0.90	986	0.00013	2015	1
FBW1B_HUMAN	1.00	0.90	985	0.00013	2014	1
THA11_HUMAN	1.00	0.90	984	0.00013	2013	1
AKT2_HUMAN	4.00	3.61	251	0.00031	250	1
DBNL_HUMAN	1.00	0.90	983	0.00013	2012	1
AKT3_HUMAN	3.00	2.71	354	0.00025	401	1
PRKDC_HUMAN	2.00	1.81	578	0.00021	592	1
GLRX1_HUMAN	2.00	1.81	577	0.00018	746	1
WEE1_HUMAN	1.00	0.90	982	0.00013	2011	1
PTMA_HUMAN	1.00	0.90	981	0.00013	2010	1
MDM2_HUMAN	3.00	2.71	353	0.00028	300	1
NUMA1_HUMAN	1.00	0.90	980	0.00013	2009	1
DSG1_HUMAN	3.00	2.71	352	0.00023	479	1
BMX_HUMAN	3.00	2.71	351	0.00027	338	1
CH10_HUMAN	1.00	0.90	979	0.00013	2008	1
DCC_HUMAN	3.00	2.71	350	0.00025	384	1
DEDD_HUMAN	1.00	0.90	978	0.00013	2007	1
PAK2_HUMAN	4.00	3.61	250	0.00031	245	1
IL16_HUMAN	5.00	4.51	177	0.00032	238	1
LPAR1_HUMAN	1.00	0.90	976	0.00013	2005	1
LPAR3_HUMAN	1.00	0.90	977	0.00013	2006	1
CSEN_HUMAN	1.00	0.90	974	0.00013	2003	1
IF4B_HUMAN	1.00	0.90	975	0.00013	2004	1
RBX2_HUMAN	2.00	1.81	585	0.00019	730	1
LMNB1_HUMAN	1.00	0.90	1006	0.00013	2034	1
HCLS1_HUMAN	1.00	0.90	1008	0.00013	2036	1
SRP72_HUMAN	1.00	0.90	1007	0.00013	2035	1
DYNA_HUMAN	1.00	0.90	1004	0.00013	2032	1
VDP_HUMAN	1.00	0.90	1003	0.00013	2031	1
RB_HUMAN	6.00	5.42	137	0.00044	106	1
PICAL_HUMAN	1.00	0.90	1005	0.00013	2033	1
TRAF1_HUMAN	5.00	4.51	178	0.00037	166	1
STK3_HUMAN	1.00	0.90	1002	0.00013	2030	1
FYN_HUMAN	7.00	6.32	115	0.00048	94	1
STK4_HUMAN	2.00	1.81	584	0.00021	595	1
CTNB1_HUMAN	10.00	9.03	71	0.00065	69	1
SRBP1_HUMAN	1.00	0.90	1000	0.00013	2028	1
LIMK1_HUMAN	2.00	1.81	583	0.00019	727	1
WNK3_HUMAN	1.00	0.90	1001	0.00013	2029	1
NDUS1_HUMAN	1.00	0.90	997	0.00013	2025	1
SPTA2_HUMAN	3.00	2.71	360	0.00026	363	1
NUCB2_HUMAN	1.00	0.90	998	0.00013	2026	1
BEX3_HUMAN	1.00	0.90	999	0.00013	2027	1
MST4_HUMAN	1.00	0.90	994	0.00013	2022	1
M4K1_HUMAN	1.00	0.90	995	0.00013	2023	1
IMB1_HUMAN	6.00	5.42	136	0.00055	83	1
LATS2_HUMAN	1.00	0.90	996	0.00013	2024	1
GAS2_HUMAN	1.00	0.90	993	0.00013	2021	1
LATS1_HUMAN	2.00	1.81	582	0.00020	658	1
DP13A_HUMAN	3.00	2.71	359	0.00025	385	1
SRC_HUMAN	12.00	10.83	58	0.00078	58	1
H2AX_HUMAN	2.00	1.81	580	0.00021	594	1
SAV1_HUMAN	1.00	0.90	991	0.00013	2020	1
ILK_HUMAN	2.00	1.81	581	0.00019	701	1
DESP_HUMAN	1.00	0.90	992	0.00012	2262	1
MP2K2_HUMAN	4.00	3.61	253	0.00026	352	1
ABL1_HUMAN	9.00	8.12	75	0.00065	70	1
GMEB1_HUMAN	1.00	0.90	1035	0.00012	2265	1
BIRC8_HUMAN	1.00	0.90	1036	0.00012	2266	1
MZB1_HUMAN	1.00	0.90	1033	0.00012	2263	1
BCL10_HUMAN	2.00	1.81	591	0.00018	745	1
MP2K1_HUMAN	4.00	3.61	252	0.00028	299	1
IF4G1_HUMAN	1.00	0.90	1034	0.00012	2264	1
DYR1A_HUMAN	1.00	0.90	1041	0.00012	2267	1
BIRC1_HUMAN	1.00	0.90	1042	0.00012	2268	1
CATA_HUMAN	43.00	38.81	31	0.00452	21	1
TBA8_HUMAN	1.00	0.90	1043	0.00015	1073	1
RPC6_HUMAN	1.00	0.90	1037	0.00015	1069	1
E2F4_HUMAN	1.00	0.90	1038	0.00015	1070	1
SUMO4_HUMAN	1.00	0.90	1039	0.00015	1071	1
ECHP_HUMAN	1.00	0.90	1040	0.00015	1072	1
UBP53_HUMAN	1.00	0.90	1046	0.00015	1076	1
PEX5_HUMAN	1.00	0.90	1045	0.00015	1075	1
SODM_HUMAN	6.00	5.42	140	0.00051	88	1
TLR10_HUMAN	1.00	0.90	1047	0.00015	1077	1
PSA1_HUMAN	1.00	0.90	1044	0.00015	1074	1
IMA7_HUMAN	3.00	2.71	361	0.00030	266	1
FOXO3_HUMAN	2.00	1.81	593	0.00023	460	1
ABL2_HUMAN	2.00	1.81	592	0.00023	462	1
SODE_HUMAN	1.00	0.90	1053	0.00015	1083	1
TYSD1_HUMAN	1.00	0.90	1052	0.00015	1082	1
ADH1G_HUMAN	1.00	0.90	1055	0.00015	1085	1
ALDH2_HUMAN	1.00	0.90	1054	0.00015	1084	1
N6AM1_HUMAN	1.00	0.90	1049	0.00015	1079	1
EI2BB_HUMAN	1.00	0.90	1048	0.00015	1078	1
ANMX_HUMAN	1.00	0.90	1051	0.00015	1081	1
HEMK_HUMAN	1.00	0.90	1050	0.00015	1080	1
PTN11_HUMAN	6.00	5.42	138	0.00043	110	1
GPX4_HUMAN	2.00	1.81	586	0.00020	663	1
GPX5_HUMAN	1.00	0.90	1013	0.00015	1062	1
LCMT1_HUMAN	1.00	0.90	1014	0.00015	1063	1
XDH_HUMAN	1.00	0.90	1011	0.00015	1060	1
KYNU_HUMAN	1.00	0.90	1012	0.00015	1061	1
3HAO_HUMAN	1.00	0.90	1009	0.00015	1058	1
ANM2_HUMAN	1.00	0.90	1010	0.00015	1059	1
ANM4_HUMAN	1.00	0.90	1020	0.00015	1067	1
ANM6_HUMAN	1.00	0.90	1021	0.00015	1068	1
RRMJ1_HUMAN	1.00	0.90	1018	0.00015	1065	1
RRMJ2_HUMAN	1.00	0.90	1019	0.00015	1066	1
WBS22_HUMAN	1.00	0.90	1017	0.00015	1064	1
CCS_HUMAN	6.00	5.42	139	0.00046	98	1
APBA1_HUMAN	1.00	0.90	1015	0.00013	1980	1
PRS23_HUMAN	1.00	0.90	1016	0.00010	2356	1
SL9A4_HUMAN	2.00	1.81	590	0.00014	1581	1
SL9A1_HUMAN	5.00	4.51	179	0.00032	224	1
SL9A2_HUMAN	2.00	1.81	589	0.00014	1580	1
SL9A3_HUMAN	2.00	1.81	588	0.00014	1579	1
KIF1B_HUMAN	1.00	0.90	1024	0.00010	2358	1
ST17B_HUMAN	1.00	0.90	1023	0.00010	2357	1
SL9A5_HUMAN	2.00	1.81	587	0.00014	1578	1
COX42_HUMAN	1.00	0.90	1022	0.00012	2144	1
QCR1_HUMAN	1.00	0.90	1032	0.00012	2152	1
CBPC1_HUMAN	1.00	0.90	1031	0.00012	2151	1
NDOR1_HUMAN	1.00	0.90	1030	0.00012	2150	1
NB5R1_HUMAN	1.00	0.90	1029	0.00012	2149	1
NB5R3_HUMAN	1.00	0.90	1028	0.00012	2148	1
CY1_HUMAN	1.00	0.90	1027	0.00012	2147	1
ZPR1_HUMAN	1.00	0.90	1026	0.00012	2146	1
CYB5_HUMAN	1.00	0.90	1025	0.00012	2145	1
SHC1_HUMAN	4.00	3.61	254	0.00030	261	1
HSP7C_HUMAN	3.00	2.71	366	0.00026	353	1
KC1G2_HUMAN	2.00	1.81	603	0.00021	613	1
VDAC2_HUMAN	1.00	0.90	1074	0.00012	2153	1
NCB5R_HUMAN	1.00	0.90	1075	0.00012	2154	1
UQCR1_HUMAN	1.00	0.90	1076	0.00012	2155	1
ADX_HUMAN	1.00	0.90	1077	0.00012	2156	1
SAFB1_HUMAN	2.00	1.81	604	0.00021	614	1
PP2BB_HUMAN	51.00	46.03	26	0.00264	35	1
MYPT1_HUMAN	1.00	0.90	1078	0.00012	2157	1
CNEP1_HUMAN	1.00	0.90	1079	0.00012	2158	1
DAXX_HUMAN	95.00	85.74	12	0.00818	10	1
CD2A1_HUMAN	2.00	1.81	605	0.00021	521	1
CD2A2_HUMAN	2.00	1.81	606	0.00021	522	1
FRIH_HUMAN	2.00	1.81	607	0.00020	676	1
H33_HUMAN	3.00	2.71	367	0.00028	308	1
H4_HUMAN	1.00	0.90	1080	0.00013	1843	1
RASF1_HUMAN	3.00	2.71	368	0.00027	313	1
TNR6_HUMAN	3.00	2.71	369	0.00025	389	1
UBP7_HUMAN	2.00	1.81	608	0.00021	523	1
H31_HUMAN	1.00	0.90	1082	0.00013	1845	1
TF7L2_HUMAN	1.00	0.90	1081	0.00013	1844	1
AIRE_HUMAN	1.00	0.90	1083	0.00013	1846	1
GCR_HUMAN	2.00	1.81	609	0.00021	524	1
SUMO1_HUMAN	5.00	4.51	181	0.00042	120	1
UBC9_HUMAN	3.00	2.71	370	0.00027	314	1
ETS1_HUMAN	3.00	2.71	371	0.00028	288	1
DNMT1_HUMAN	2.00	1.81	610	0.00021	525	1
STAT3_HUMAN	5.00	4.51	182	0.00042	121	1
SNW1_HUMAN	1.00	0.90	1084	0.00013	1847	1
AXIN1_HUMAN	2.00	1.81	612	0.00021	527	1
P63_HUMAN	2.00	1.81	611	0.00021	526	1
MYH11_HUMAN	1.00	0.90	1057	0.00013	1826	1
TGFR2_HUMAN	1.00	0.90	1058	0.00013	1827	1
HIPK3_HUMAN	2.00	1.81	594	0.00021	515	1
TFE2_HUMAN	1.00	0.90	1056	0.00013	1825	1
CHIP_HUMAN	5.00	4.51	180	0.00041	130	1
SENP2_HUMAN	1.00	0.90	1059	0.00013	1828	1
PLAL1_HUMAN	2.00	1.81	595	0.00021	516	1
SMAD4_HUMAN	2.00	1.81	596	0.00019	731	1
TGFB2_HUMAN	1.00	0.90	1061	0.00013	1830	1
RO52_HUMAN	1.00	0.90	1062	0.00013	1831	1
ITF2_HUMAN	1.00	0.90	1060	0.00013	1829	1
GTR4_HUMAN	2.00	1.81	597	0.00021	596	1
PAX5_HUMAN	1.00	0.90	1064	0.00013	1833	1
HGFL_HUMAN	1.00	0.90	1065	0.00013	1834	1
TS101_HUMAN	2.00	1.81	598	0.00021	517	1
CAH12_HUMAN	1.00	0.90	1063	0.00013	1832	1
HSF1_HUMAN	1.00	0.90	1067	0.00013	1836	1
HIPK1_HUMAN	2.00	1.81	599	0.00021	518	1
ATRX_HUMAN	1.00	0.90	1066	0.00013	1835	1
UBE2I_HUMAN	3.00	2.71	362	0.00027	312	1
RL13_HUMAN	3.00	2.71	364	0.00027	310	1
HDAC2_HUMAN	3.00	2.71	363	0.00031	252	1
RELB_HUMAN	2.00	1.81	600	0.00021	597	1
DMAP1_HUMAN	1.00	0.90	1068	0.00013	1837	1
HIPK2_HUMAN	3.00	2.71	365	0.00032	227	1
SPOP_HUMAN	1.00	0.90	1070	0.00013	1839	1
BTBD6_HUMAN	1.00	0.90	1069	0.00013	1838	1
PAIRB_HUMAN	2.00	1.81	601	0.00021	519	1
P73_HUMAN	2.00	1.81	602	0.00021	520	1
CENPC_HUMAN	1.00	0.90	1073	0.00013	1842	1
PAX3_HUMAN	1.00	0.90	1072	0.00013	1841	1
DAPK3_HUMAN	1.00	0.90	1071	0.00013	1840	1
DEK_HUMAN	1.00	0.90	1118	0.00013	1855	1
HDAC1_HUMAN	2.00	1.81	618	0.00021	528	1
TRI27_HUMAN	2.00	1.81	620	0.00021	530	1
UBB_HUMAN	2.00	1.81	619	0.00021	529	1
DNM3A_HUMAN	1.00	0.90	1116	0.00013	1853	1
MP2K7_HUMAN	5.00	4.51	183	0.00037	158	1
HABP4_HUMAN	3.00	2.71	373	0.00031	253	1
BUB1B_HUMAN	1.00	0.90	1117	0.00013	1854	1
CYTSB_HUMAN	1.00	0.90	1114	0.00013	1851	1
DBF4A_HUMAN	1.00	0.90	1113	0.00013	1850	1
FZR_HUMAN	2.00	1.81	617	0.00019	709	1
HSPB2_HUMAN	1.00	0.90	1115	0.00013	1852	1
IMA3_HUMAN	3.00	2.71	372	0.00029	280	1
MD2L1_HUMAN	1.00	0.90	1111	0.00013	1848	1
PDCD4_HUMAN	1.00	0.90	1112	0.00013	1849	1
MCRS1_HUMAN	2.00	1.81	616	0.00019	713	1
CBS_HUMAN	1.00	0.90	1126	0.00013	1857	1
NSD3_HUMAN	1.00	0.90	1127	0.00013	1858	1
TGFB1_HUMAN	3.00	2.71	374	0.00028	289	1
MP2K4_HUMAN	6.00	5.42	142	0.00040	135	1
HDAC3_HUMAN	5.00	4.51	184	0.00039	146	1
AVR2A_HUMAN	1.00	0.90	1125	0.00013	1856	1
DERL1_HUMAN	45.00	40.61	29	0.00492	19	1
AMFR_HUMAN	2.00	1.81	623	0.00022	488	1
CFTR_HUMAN	2.00	1.81	621	0.00023	463	1
NGLY1_HUMAN	1.00	0.90	1123	0.00015	1056	1
SELS_HUMAN	1.00	0.90	1124	0.00015	1057	1
SYVN1_HUMAN	2.00	1.81	622	0.00023	446	1
RNF5_HUMAN	1.00	0.90	1119	0.00015	1052	1
SVIP_HUMAN	1.00	0.90	1120	0.00015	1053	1
FAF2_HUMAN	1.00	0.90	1121	0.00015	1054	1
1A03_HUMAN	1.00	0.90	1122	0.00015	1055	1
TRAM1_HUMAN	1.00	0.90	1098	0.00015	1040	1
SE1L1_HUMAN	1.00	0.90	1097	0.00015	1039	1
APOB_HUMAN	2.00	1.81	614	0.00021	536	1
HERP1_HUMAN	1.00	0.90	1096	0.00015	1038	1
OPSD_HUMAN	2.00	1.81	613	0.00022	501	1
UBXN6_HUMAN	1.00	0.90	1095	0.00015	1037	1
UBXN4_HUMAN	1.00	0.90	1094	0.00015	1036	1
ASGR2_HUMAN	1.00	0.90	1093	0.00015	1035	1
TRFM_HUMAN	1.00	0.90	1092	0.00015	1034	1
OTU1_HUMAN	1.00	0.90	1091	0.00015	1033	1
DERL2_HUMAN	1.00	0.90	1090	0.00015	1032	1
CD3D_HUMAN	1.00	0.90	1089	0.00015	1031	1
ERLN2_HUMAN	1.00	0.90	1088	0.00015	1030	1
SNX2_HUMAN	1.00	0.90	1087	0.00015	1029	1
A1AT_HUMAN	1.00	0.90	1086	0.00015	1028	1
CLN6_HUMAN	1.00	0.90	1085	0.00015	1027	1
1A01_HUMAN	1.00	0.90	1109	0.00015	1050	1
1A02_HUMAN	1.00	0.90	1110	0.00015	1051	1
1A26_HUMAN	1.00	0.90	1107	0.00015	1048	1
RN103_HUMAN	1.00	0.90	1108	0.00015	1049	1
V2R_HUMAN	1.00	0.90	1105	0.00015	1046	1
CAC1C_HUMAN	1.00	0.90	1106	0.00015	1047	1
ALBU_HUMAN	4.00	3.61	256	0.00033	207	1
S61A1_HUMAN	1.00	0.90	1104	0.00015	1045	1
PGH2_HUMAN	6.00	5.42	141	0.00048	93	1
SHH_HUMAN	1.00	0.90	1103	0.00015	1044	1
UB2J1_HUMAN	1.00	0.90	1101	0.00015	1042	1
UBP19_HUMAN	1.00	0.90	1102	0.00015	1043	1
ZFN2B_HUMAN	1.00	0.90	1100	0.00015	1041	1
DPP6_HUMAN	2.00	1.81	615	0.00022	498	1
EAA2_HUMAN	4.00	3.61	255	0.00038	152	1
AJUBA_HUMAN	1.00	0.90	1099	0.00014	1611	1
SBP1_HUMAN	1.00	0.90	1144	0.00015	1560	1
GSHR_HUMAN	1.00	0.90	1143	0.00015	1559	1
MK06_HUMAN	1.00	0.90	1146	0.00015	1562	1
GSHB_HUMAN	1.00	0.90	1145	0.00015	1561	1
GSTA1_HUMAN	1.00	0.90	1148	0.00015	1564	1
GSTA2_HUMAN	1.00	0.90	1147	0.00015	1563	1
GSTA3_HUMAN	1.00	0.90	1149	0.00015	1565	1
GSTA4_HUMAN	2.00	1.81	635	0.00021	609	1
GSTM2_HUMAN	1.00	0.90	1139	0.00015	1555	1
GSTP1_HUMAN	3.00	2.71	381	0.00026	360	1
CP2CJ_HUMAN	3.00	2.71	383	0.00024	406	1
CP2J2_HUMAN	3.00	2.71	382	0.00024	405	1
GSTK1_HUMAN	1.00	0.90	1141	0.00015	1557	1
GGT1_HUMAN	1.00	0.90	1140	0.00015	1556	1
GSTM1_HUMAN	2.00	1.81	634	0.00020	659	1
GSTT2_HUMAN	1.00	0.90	1142	0.00015	1558	1
GSTM3_HUMAN	1.00	0.90	1155	0.00015	1571	1
GSTO1_HUMAN	1.00	0.90	1156	0.00015	1572	1
IL6_HUMAN	5.00	4.51	186	0.00041	132	1
LOX5_HUMAN	1.00	0.90	1157	0.00015	1573	1
MGST1_HUMAN	1.00	0.90	1158	0.00015	1574	1
GGT7_HUMAN	1.00	0.90	1159	0.00015	1575	1
GGT5_HUMAN	1.00	0.90	1160	0.00015	1576	1
GGT6_HUMAN	1.00	0.90	1161	0.00015	1577	1
MAAI_HUMAN	1.00	0.90	1150	0.00015	1566	1
GSTM5_HUMAN	1.00	0.90	1151	0.00015	1567	1
MGST2_HUMAN	1.00	0.90	1152	0.00015	1568	1
GSTM4_HUMAN	2.00	1.81	636	0.00023	472	1
CP2C9_HUMAN	4.00	3.61	259	0.00029	270	1
MGST3_HUMAN	1.00	0.90	1153	0.00015	1569	1
GSTO2_HUMAN	1.00	0.90	1154	0.00015	1570	1
CP2C8_HUMAN	4.00	3.61	260	0.00029	271	1
CP2CI_HUMAN	4.00	3.61	258	0.00029	269	1
LX15B_HUMAN	1.00	0.90	1130	0.00015	1554	1
GSTA5_HUMAN	1.00	0.90	1129	0.00015	1553	1
GRIA1_HUMAN	30.00	27.07	45	0.00209	41	1
GRIP1_HUMAN	2.00	1.81	630	0.00018	751	1
KCC2G_HUMAN	2.00	1.81	629	0.00017	822	1
TRPC1_HUMAN	2.00	1.81	628	0.00018	770	1
GRIA4_HUMAN	2.00	1.81	627	0.00018	750	1
GRIK2_HUMAN	1.00	0.90	1128	0.00012	2233	1
TANC1_HUMAN	2.00	1.81	624	0.00017	821	1
GRIA2_HUMAN	27.00	24.37	49	0.00203	43	1
DLG1_HUMAN	4.00	3.61	257	0.00027	341	1
CXCR2_HUMAN	2.00	1.81	626	0.00020	679	1
CCG2_HUMAN	3.00	2.71	376	0.00023	458	1
GRID2_HUMAN	2.00	1.81	625	0.00018	749	1
SDCB1_HUMAN	3.00	2.71	375	0.00026	366	1
PICK1_HUMAN	2.00	1.81	632	0.00018	752	1
E41L2_HUMAN	1.00	0.90	1137	0.00012	2234	1
CALX_HUMAN	3.00	2.71	378	0.00023	466	1
HOME1_HUMAN	3.00	2.71	379	0.00022	496	1
E41L1_HUMAN	1.00	0.90	1138	0.00012	2235	1
GRP78_HUMAN	3.00	2.71	380	0.00027	323	1
MYO5A_HUMAN	5.00	4.51	185	0.00041	125	1
RB11A_HUMAN	2.00	1.81	633	0.00018	753	1
DRD2_HUMAN	2.00	1.81	631	0.00017	802	1
GRIP2_HUMAN	1.00	0.90	1133	0.00012	2052	1
GRIA3_HUMAN	1.00	0.90	1131	0.00012	2050	1
REST_HUMAN	1.00	0.90	1132	0.00012	2051	1
NSF_HUMAN	3.00	2.71	377	0.00022	483	1
SPTB2_HUMAN	1.00	0.90	1136	0.00012	2055	1
ATAD1_HUMAN	1.00	0.90	1134	0.00012	2053	1
CCG8_HUMAN	1.00	0.90	1135	0.00012	2054	1
DLG4_HUMAN	7.00	6.32	118	0.00044	107	1
CADH2_HUMAN	8.00	7.22	94	0.00051	90	1
RGS3_HUMAN	3.00	2.71	391	0.00022	486	1
CTNA1_HUMAN	2.00	1.81	649	0.00020	666	1
CTND1_HUMAN	1.00	0.90	1178	0.00012	2056	1
DAB2P_HUMAN	3.00	2.71	390	0.00026	364	1
DUS19_HUMAN	1.00	0.90	1177	0.00012	2247	1
SOCS1_HUMAN	2.00	1.81	648	0.00020	653	1
ZN622_HUMAN	1.00	0.90	1181	0.00012	2250	1
GEMI5_HUMAN	2.00	1.81	650	0.00021	562	1
AAPK2_HUMAN	1.00	0.90	1180	0.00012	2249	1
IGF1R_HUMAN	3.00	2.71	395	0.00027	342	1
AAKB2_HUMAN	1.00	0.90	1179	0.00012	2248	1
THIO_HUMAN	3.00	2.71	394	0.00026	365	1
PPP5_HUMAN	3.00	2.71	392	0.00022	497	1
GA45B_HUMAN	3.00	2.71	393	0.00022	499	1
USP9X_HUMAN	1.00	0.90	1174	0.00012	2244	1
MP2K6_HUMAN	60.00	54.15	20	0.00380	26	1
TNNT2_HUMAN	1.00	0.90	1173	0.00012	2243	1
M3K3_HUMAN	5.00	4.51	188	0.00037	165	1
ARRB2_HUMAN	3.00	2.71	389	0.00025	383	1
PDCD6_HUMAN	1.00	0.90	1172	0.00012	2242	1
PRS4_HUMAN	1.00	0.90	1171	0.00012	2241	1
TPD53_HUMAN	1.00	0.90	1170	0.00012	2240	1
TRAF6_HUMAN	9.00	8.12	76	0.00061	76	1
TRAF5_HUMAN	1.00	0.90	1176	0.00012	2246	1
TNAP3_HUMAN	4.00	3.61	265	0.00032	222	1
SOCS3_HUMAN	5.00	4.51	189	0.00034	199	1
M3K2_HUMAN	1.00	0.90	1175	0.00012	2245	1
KMT2A_HUMAN	2.00	1.81	647	0.00020	652	1
RBCC1_HUMAN	2.00	1.81	646	0.00020	651	1
GNA12_HUMAN	2.00	1.81	645	0.00019	699	1
PRS7_HUMAN	1.00	0.90	1165	0.00012	2236	1
MPIP1_HUMAN	2.00	1.81	643	0.00018	757	1
KCC2B_HUMAN	8.00	7.22	93	0.00047	95	1
JAK2_HUMAN	2.00	1.81	644	0.00018	771	1
MP2K3_HUMAN	54.00	48.74	24	0.00324	29	1
M3K7_HUMAN	7.00	6.32	117	0.00045	101	1
SYQ_HUMAN	2.00	1.81	642	0.00021	561	1
ARRB1_HUMAN	4.00	3.61	262	0.00031	254	1
M3K6_HUMAN	1.00	0.90	1168	0.00012	2238	1
P85A_HUMAN	4.00	3.61	263	0.00033	213	1
GNA13_HUMAN	1.00	0.90	1169	0.00012	2239	1
MBP_HUMAN	4.00	3.61	264	0.00028	283	1
ERF3A_HUMAN	1.00	0.90	1166	0.00012	2237	1
MAPK5_HUMAN	5.00	4.51	187	0.00036	168	1
ESR2_HUMAN	1.00	0.90	1167	0.00012	2282	1
MAPK3_HUMAN	6.00	5.42	144	0.00038	153	1
CI078_HUMAN	1.00	0.90	1164	0.00012	2281	1
RPC4_HUMAN	1.00	0.90	1163	0.00012	2280	1
DUS16_HUMAN	2.00	1.81	638	0.00018	773	1
ATF2_HUMAN	4.00	3.61	261	0.00029	272	1
CPNE6_HUMAN	2.00	1.81	637	0.00021	585	1
SK2L2_HUMAN	1.00	0.90	1162	0.00012	2279	1
DUS1_HUMAN	3.00	2.71	385	0.00023	474	1
IL2_HUMAN	3.00	2.71	384	0.00024	410	1
ZNHI1_HUMAN	3.00	2.71	387	0.00026	368	1
ATF6A_HUMAN	3.00	2.71	386	0.00023	440	1
K2C8_HUMAN	2.00	1.81	641	0.00018	776	1
PRGC1_HUMAN	3.00	2.71	388	0.00026	369	1
TAB2_HUMAN	6.00	5.42	143	0.00040	140	1
FOS_HUMAN	7.00	6.32	116	0.00047	96	1
USF1_HUMAN	2.00	1.81	640	0.00018	775	1
M3K12_HUMAN	2.00	1.81	639	0.00018	774	1
CCM2_HUMAN	4.00	3.61	270	0.00030	263	1
TY3H_HUMAN	2.00	1.81	664	0.00018	787	1
IF4E_HUMAN	2.00	1.81	663	0.00018	786	1
LCK_HUMAN	3.00	2.71	408	0.00025	398	1
FGR_HUMAN	3.00	2.71	411	0.00024	407	1
MAPK2_HUMAN	4.00	3.61	271	0.00028	296	1
RALA_HUMAN	3.00	2.71	409	0.00023	480	1
GDIA_HUMAN	3.00	2.71	410	0.00025	386	1
RALB_HUMAN	2.00	1.81	666	0.00018	789	1
TSC2_HUMAN	4.00	3.61	272	0.00034	202	1
IL2RA_HUMAN	2.00	1.81	665	0.00018	788	1
M3K1_HUMAN	7.00	6.32	119	0.00049	92	1
NOX3_HUMAN	4.00	3.61	273	0.00028	297	1
CD40L_HUMAN	3.00	2.71	412	0.00026	370	1
CY24A_HUMAN	5.00	4.51	197	0.00035	190	1
CY24B_HUMAN	5.00	4.51	198	0.00035	191	1
ETV1_HUMAN	2.00	1.81	659	0.00018	782	1
GBG2_HUMAN	3.00	2.71	404	0.00025	396	1
IL2RB_HUMAN	2.00	1.81	658	0.00018	781	1
MITF_HUMAN	2.00	1.81	657	0.00018	780	1
NCF2_HUMAN	5.00	4.51	196	0.00035	189	1
NCF4_HUMAN	5.00	4.51	195	0.00035	188	1
NOX1_HUMAN	5.00	4.51	194	0.00035	187	1
YES_HUMAN	3.00	2.71	405	0.00025	397	1
ELK1_HUMAN	3.00	2.71	406	0.00022	482	1
ELK4_HUMAN	2.00	1.81	661	0.00018	784	1
ZAP70_HUMAN	4.00	3.61	269	0.00028	295	1
MKNK1_HUMAN	2.00	1.81	660	0.00018	783	1
PDX1_HUMAN	1.00	0.90	1190	0.00012	2284	1
MYOG_HUMAN	3.00	2.71	407	0.00023	478	1
HBP1_HUMAN	2.00	1.81	662	0.00018	785	1
K2C1_HUMAN	1.00	0.90	1189	0.00012	2283	1
MYF6_HUMAN	3.00	2.71	398	0.00023	475	1
DUS10_HUMAN	2.00	1.81	653	0.00018	777	1
ESR1_HUMAN	6.00	5.42	146	0.00046	100	1
MYOD1_HUMAN	3.00	2.71	399	0.00023	476	1
DUS6_HUMAN	4.00	3.61	267	0.00028	293	1
JIP4_HUMAN	5.00	4.51	192	0.00033	219	1
CDON_HUMAN	2.00	1.81	654	0.00018	778	1
MYF5_HUMAN	3.00	2.71	400	0.00023	477	1
TNR5_HUMAN	3.00	2.71	401	0.00024	411	1
PRGR_HUMAN	4.00	3.61	268	0.00028	294	1
TAB1_HUMAN	5.00	4.51	193	0.00033	204	1
JAK1_HUMAN	3.00	2.71	402	0.00023	441	1
FUBP2_HUMAN	3.00	2.71	403	0.00027	326	1
HCK_HUMAN	2.00	1.81	655	0.00018	779	1
MK12_HUMAN	43.00	38.81	32	0.00267	34	1
SNTA1_HUMAN	2.00	1.81	656	0.00018	736	1
3BP5_HUMAN	1.00	0.90	1182	0.00011	2306	1
LAP2_HUMAN	3.00	2.71	396	0.00021	582	1
CCND1_HUMAN	5.00	4.51	190	0.00040	138	1
DLG2_HUMAN	6.00	5.42	145	0.00038	151	1
DLG3_HUMAN	5.00	4.51	191	0.00031	251	1
SNTB1_HUMAN	1.00	0.90	1183	0.00011	2307	1
GRB2_HUMAN	4.00	3.61	266	0.00028	284	1
GCH1_HUMAN	1.00	0.90	1184	0.00011	2308	1
GTF2I_HUMAN	1.00	0.90	1185	0.00011	2309	1
MPIP3_HUMAN	3.00	2.71	397	0.00026	381	1
MK13_HUMAN	31.00	27.98	42	0.00199	44	1
AKIP1_HUMAN	1.00	0.90	1186	0.00012	2285	1
EF2K_HUMAN	2.00	1.81	651	0.00018	790	1
STMN1_HUMAN	1.00	0.90	1187	0.00012	2286	1
JIP2_HUMAN	2.00	1.81	652	0.00016	824	1
FPR1_HUMAN	1.00	0.90	1188	0.00012	2287	1
M3K4_HUMAN	4.00	3.61	274	0.00029	279	1
KAT2B_HUMAN	2.00	1.81	682	0.00021	603	1
NCOA3_HUMAN	3.00	2.71	418	0.00027	309	1
RHG09_HUMAN	2.00	1.81	681	0.00020	668	1
SP20H_HUMAN	1.00	0.90	1231	0.00012	2097	1
STAT4_HUMAN	2.00	1.81	680	0.00018	791	1
FUBP1_HUMAN	2.00	1.81	679	0.00022	508	1
MKNK2_HUMAN	1.00	0.90	1230	0.00012	2096	1
PTPRR_HUMAN	1.00	0.90	1229	0.00012	2095	1
SMAD3_HUMAN	2.00	1.81	678	0.00021	602	1
MEF2D_HUMAN	1.00	0.90	1228	0.00012	2094	1
IKBA_HUMAN	3.00	2.71	417	0.00027	322	1
JUNB_HUMAN	1.00	0.90	1227	0.00012	2093	1
EEA1_HUMAN	2.00	1.81	677	0.00020	631	1
MAFA_HUMAN	1.00	0.90	1226	0.00012	2092	1
TISB_HUMAN	1.00	0.90	1225	0.00012	2091	1
KKCC2_HUMAN	1.00	0.90	1223	0.00012	2089	1
S12A2_HUMAN	1.00	0.90	1224	0.00012	2090	1
YYAP1_HUMAN	1.00	0.90	1222	0.00012	2088	1
GA45A_HUMAN	3.00	2.71	416	0.00026	375	1
KMT2C_HUMAN	1.00	0.90	1220	0.00012	2086	1
AES_HUMAN	1.00	0.90	1221	0.00012	2087	1
P4R3A_HUMAN	1.00	0.90	1218	0.00012	2084	1
EMSA1_HUMAN	1.00	0.90	1219	0.00012	2085	1
MOB3B_HUMAN	1.00	0.90	1216	0.00012	2082	1
TCF20_HUMAN	1.00	0.90	1217	0.00012	2083	1
ZN142_HUMAN	1.00	0.90	1214	0.00012	2080	1
4EBP1_HUMAN	1.00	0.90	1215	0.00012	2081	1
HSF4_HUMAN	1.00	0.90	1212	0.00012	2078	1
JDP2_HUMAN	1.00	0.90	1213	0.00012	2079	1
ELK3_HUMAN	1.00	0.90	1211	0.00012	2077	1
RBNS5_HUMAN	2.00	1.81	676	0.00020	630	1
SYMC_HUMAN	1.00	0.90	1210	0.00012	2076	1
DDIT3_HUMAN	1.00	0.90	1209	0.00012	2075	1
IRAK1_HUMAN	3.00	2.71	415	0.00022	506	1
EDN1_HUMAN	3.00	2.71	414	0.00027	348	1
IL4_HUMAN	1.00	0.90	1206	0.00012	2072	1
CSN5_HUMAN	2.00	1.81	675	0.00021	601	1
RL36A_HUMAN	1.00	0.90	1208	0.00012	2074	1
MARE1_HUMAN	1.00	0.90	1207	0.00012	2073	1
PAK6_HUMAN	1.00	0.90	1203	0.00012	2069	1
DUS22_HUMAN	1.00	0.90	1202	0.00012	2068	1
SCN8A_HUMAN	1.00	0.90	1205	0.00012	2071	1
RL41_HUMAN	1.00	0.90	1204	0.00012	2070	1
SNAPN_HUMAN	1.00	0.90	1200	0.00012	2066	1
EF1A1_HUMAN	2.00	1.81	673	0.00022	507	1
EPB42_HUMAN	1.00	0.90	1201	0.00012	2067	1
K1C18_HUMAN	2.00	1.81	674	0.00018	734	1
MYEF2_HUMAN	1.00	0.90	1198	0.00012	2064	1
CBL_HUMAN	3.00	2.71	413	0.00025	400	1
HNF4A_HUMAN	2.00	1.81	672	0.00021	600	1
GMFB_HUMAN	1.00	0.90	1199	0.00012	2065	1
TOLIP_HUMAN	2.00	1.81	671	0.00020	667	1
NU153_HUMAN	1.00	0.90	1195	0.00012	2061	1
DUS9_HUMAN	1.00	0.90	1196	0.00012	2062	1
DUS7_HUMAN	1.00	0.90	1197	0.00012	2063	1
TGFR1_HUMAN	2.00	1.81	668	0.00017	823	1
RET_HUMAN	2.00	1.81	669	0.00019	705	1
TSC1_HUMAN	2.00	1.81	670	0.00018	735	1
S1PR2_HUMAN	1.00	0.90	1194	0.00012	2060	1
AIMP1_HUMAN	1.00	0.90	1191	0.00012	2057	1
HTRA2_HUMAN	1.00	0.90	1192	0.00012	2058	1
STK39_HUMAN	1.00	0.90	1193	0.00012	2059	1
KSYK_HUMAN	2.00	1.81	667	0.00018	739	1
GNAO_HUMAN	2.00	1.81	700	0.00020	674	1
ANGP1_HUMAN	1.00	0.90	1264	0.00012	2130	1
EDNRB_HUMAN	1.00	0.90	1263	0.00012	2129	1
TRPV1_HUMAN	1.00	0.90	1262	0.00012	2128	1
EPOR_HUMAN	1.00	0.90	1267	0.00012	2133	1
GNA15_HUMAN	1.00	0.90	1266	0.00012	2132	1
IL4RA_HUMAN	1.00	0.90	1265	0.00012	2131	1
FLNA_HUMAN	3.00	2.71	420	0.00027	340	1
KS6A4_HUMAN	1.00	0.90	1260	0.00012	2126	1
MEF2C_HUMAN	2.00	1.81	696	0.00019	707	1
MPIP2_HUMAN	1.00	0.90	1259	0.00012	2125	1
DUS4_HUMAN	4.00	3.61	281	0.00027	321	1
RAB7A_HUMAN	2.00	1.81	699	0.00020	632	1
TIE2_HUMAN	1.00	0.90	1261	0.00012	2127	1
GNAI2_HUMAN	2.00	1.81	698	0.00020	673	1
GNAZ_HUMAN	2.00	1.81	697	0.00020	672	1
PTN7_HUMAN	1.00	0.90	1256	0.00012	2122	1
TFCP2_HUMAN	1.00	0.90	1257	0.00012	2123	1
GNA14_HUMAN	1.00	0.90	1254	0.00012	2120	1
DUS2_HUMAN	1.00	0.90	1255	0.00012	2121	1
RAC3_HUMAN	4.00	3.61	279	0.00029	277	1
SMAD7_HUMAN	4.00	3.61	280	0.00031	255	1
PLMN_HUMAN	2.00	1.81	695	0.00019	706	1
OGT1_HUMAN	1.00	0.90	1258	0.00012	2124	1
UBQL2_HUMAN	1.00	0.90	1250	0.00012	2116	1
MCA1_HUMAN	1.00	0.90	1251	0.00012	2117	1
SYM_HUMAN	1.00	0.90	1248	0.00012	2114	1
STAB2_HUMAN	1.00	0.90	1249	0.00012	2115	1
HMOX1_HUMAN	4.00	3.61	278	0.00033	220	1
DYR1B_HUMAN	2.00	1.81	694	0.00017	807	1
PA21B_HUMAN	1.00	0.90	1252	0.00012	2118	1
BICD1_HUMAN	1.00	0.90	1253	0.00012	2119	1
TM63B_HUMAN	1.00	0.90	1243	0.00012	2109	1
DUS14_HUMAN	1.00	0.90	1242	0.00012	2108	1
GYS1_HUMAN	1.00	0.90	1245	0.00012	2111	1
STRP2_HUMAN	1.00	0.90	1244	0.00012	2110	1
TIM44_HUMAN	1.00	0.90	1246	0.00012	2112	1
EF1G_HUMAN	2.00	1.81	692	0.00017	803	1
GNAI3_HUMAN	1.00	0.90	1247	0.00012	2113	1
GNAI1_HUMAN	2.00	1.81	693	0.00020	671	1
DUS5_HUMAN	2.00	1.81	690	0.00021	607	1
CCDC8_HUMAN	2.00	1.81	689	0.00021	606	1
CUL7_HUMAN	2.00	1.81	691	0.00021	608	1
OBSL1_HUMAN	1.00	0.90	1238	0.00012	2104	1
IL8_HUMAN	4.00	3.61	277	0.00034	195	1
DUS3_HUMAN	1.00	0.90	1239	0.00012	2105	1
ATG9A_HUMAN	1.00	0.90	1241	0.00012	2107	1
ANGP2_HUMAN	1.00	0.90	1240	0.00012	2106	1
PTN5_HUMAN	2.00	1.81	686	0.00017	800	1
DSCAM_HUMAN	2.00	1.81	687	0.00020	669	1
NCF1_HUMAN	2.00	1.81	688	0.00020	670	1
LRP8_HUMAN	4.00	3.61	275	0.00027	320	1
NFKB1_HUMAN	4.00	3.61	276	0.00032	226	1
CDX2_HUMAN	1.00	0.90	1235	0.00012	2101	1
KGP1_HUMAN	1.00	0.90	1236	0.00012	2102	1
GATA3_HUMAN	1.00	0.90	1237	0.00012	2103	1
P2RY1_HUMAN	1.00	0.90	1232	0.00012	2098	1
HNRPK_HUMAN	2.00	1.81	683	0.00021	604	1
CEBPE_HUMAN	1.00	0.90	1233	0.00012	2099	1
FAK2_HUMAN	6.00	5.42	147	0.00041	127	1
FXYD6_HUMAN	2.00	1.81	684	0.00021	605	1
NCOR2_HUMAN	1.00	0.90	1234	0.00012	2100	1
TAOK2_HUMAN	2.00	1.81	685	0.00016	828	1
LRRK2_HUMAN	3.00	2.71	419	0.00024	434	1
TAOK1_HUMAN	2.00	1.81	724	0.00016	831	1
CXL10_HUMAN	2.00	1.81	725	0.00016	832	1
BRAF_HUMAN	2.00	1.81	726	0.00016	833	1
PTPA_HUMAN	4.00	3.61	285	0.00028	298	1
TAOK3_HUMAN	2.00	1.81	727	0.00016	834	1
CXCL9_HUMAN	2.00	1.81	728	0.00016	835	1
CXL11_HUMAN	2.00	1.81	729	0.00016	836	1
GA45G_HUMAN	2.00	1.81	730	0.00016	837	1
PLF4_HUMAN	2.00	1.81	721	0.00016	829	1
JIP1_HUMAN	1.00	0.90	1289	0.00011	2339	1
PPM1A_HUMAN	2.00	1.81	722	0.00016	830	1
MLTK_HUMAN	1.00	0.90	1290	0.00011	2288	1
TLR3_HUMAN	1.00	0.90	1291	0.00011	2289	1
IL6RA_HUMAN	2.00	1.81	723	0.00018	763	1
IL6RB_HUMAN	1.00	0.90	1292	0.00011	2290	1
LMO4_HUMAN	1.00	0.90	1293	0.00011	2291	1
PP2CA_HUMAN	1.00	0.90	1300	0.00011	2293	1
INSR_HUMAN	1.00	0.90	1299	0.00011	2292	1
INS_HUMAN	1.00	0.90	1301	0.00011	2294	1
MT2_HUMAN	12.00	10.83	59	0.00158	50	1
ISK7_HUMAN	1.00	0.90	1303	0.00017	818	1
SHBG_HUMAN	1.00	0.90	1302	0.00017	817	1
CX04A_HUMAN	1.00	0.90	1304	0.00017	819	1
BARD1_HUMAN	2.00	1.81	734	0.00025	395	1
ECT2_HUMAN	1.00	0.90	1295	0.00017	813	1
NED4L_HUMAN	1.00	0.90	1294	0.00017	812	1
MT1L_HUMAN	2.00	1.81	731	0.00031	243	1
ATS4_HUMAN	1.00	0.90	1296	0.00017	814	1
KPCD1_HUMAN	1.00	0.90	1297	0.00017	815	1
ZN363_HUMAN	2.00	1.81	732	0.00025	394	1
MTR1L_HUMAN	1.00	0.90	1298	0.00017	816	1
MT3_HUMAN	2.00	1.81	733	0.00036	169	1
TTHY_HUMAN	1.00	0.90	1308	0.00021	584	1
NFH_HUMAN	8.00	7.22	95	0.00060	77	1
NFL_HUMAN	18.00	16.24	51	0.00134	52	1
NFM_HUMAN	13.00	11.73	55	0.00094	54	1
CDK5_HUMAN	4.00	3.61	286	0.00033	214	1
STXB1_HUMAN	2.00	1.81	739	0.00018	738	1
GAN_HUMAN	1.00	0.90	1309	0.00012	2049	1
DLGP2_HUMAN	2.00	1.81	738	0.00020	688	1
CK5P2_HUMAN	1.00	0.90	1305	0.00012	2141	1
MTAP2_HUMAN	2.00	1.81	736	0.00017	801	1
NMDZ1_HUMAN	91.00	82.13	13	0.00568	14	1
CHD3_HUMAN	2.00	1.81	735	0.00021	611	1
PIAS4_HUMAN	2.00	1.81	737	0.00021	612	1
NDEL1_HUMAN	1.00	0.90	1307	0.00012	2143	1
MTMR2_HUMAN	1.00	0.90	1306	0.00012	2142	1
SMAD2_HUMAN	3.00	2.71	434	0.00027	318	1
TNIK_HUMAN	2.00	1.81	743	0.00018	747	1
MINK1_HUMAN	1.00	0.90	1314	0.00012	2160	1
APOE_HUMAN	1.00	0.90	1313	0.00012	2159	1
NMDE1_HUMAN	39.00	35.20	37	0.00231	37	1
INADL_HUMAN	4.00	3.61	288	0.00025	387	1
NMD3B_HUMAN	2.00	1.81	744	0.00016	845	1
NMD3A_HUMAN	3.00	2.71	435	0.00021	572	1
KCC2A_HUMAN	5.00	4.51	202	0.00033	217	1
CSKP_HUMAN	1.00	0.90	1310	0.00011	2340	1
DLGP1_HUMAN	4.00	3.61	287	0.00026	371	1
RGRF1_HUMAN	6.00	5.42	148	0.00041	128	1
AP1M1_HUMAN	2.00	1.81	740	0.00016	848	1
AP4M1_HUMAN	2.00	1.81	742	0.00016	849	1
PTN4_HUMAN	1.00	0.90	1312	0.00011	2342	1
DRD1_HUMAN	2.00	1.81	741	0.00016	844	1
ACTN1_HUMAN	1.00	0.90	1311	0.00011	2341	1
KCC2D_HUMAN	2.00	1.81	702	0.00016	846	1
RGRF2_HUMAN	5.00	4.51	199	0.00033	216	1
AKAP9_HUMAN	5.00	4.51	200	0.00030	258	1
RELN_HUMAN	2.00	1.81	703	0.00016	847	1
RHG32_HUMAN	3.00	2.71	423	0.00024	437	1
NMDE2_HUMAN	82.00	74.01	16	0.00503	17	1
ACTN2_HUMAN	3.00	2.71	424	0.00021	571	1
LIN7B_HUMAN	1.00	0.90	1271	0.00011	2333	1
LIN7A_HUMAN	1.00	0.90	1269	0.00011	2331	1
EXOC4_HUMAN	2.00	1.81	701	0.00019	721	1
MIB2_HUMAN	1.00	0.90	1270	0.00011	2332	1
KPCG_HUMAN	3.00	2.71	422	0.00021	573	1
KPCB_HUMAN	4.00	3.61	282	0.00027	334	1
EPHB2_HUMAN	4.00	3.61	283	0.00030	257	1
CAN1_HUMAN	3.00	2.71	421	0.00027	324	1
EXOC7_HUMAN	1.00	0.90	1268	0.00011	2330	1
MAGI3_HUMAN	1.00	0.90	1273	0.00011	2335	1
SYGP1_HUMAN	3.00	2.71	430	0.00021	576	1
CK2N1_HUMAN	1.00	0.90	1275	0.00011	2337	1
EXOC3_HUMAN	1.00	0.90	1274	0.00011	2336	1
AP2M1_HUMAN	1.00	0.90	1272	0.00011	2334	1
GRM1_HUMAN	2.00	1.81	706	0.00016	827	1
GBLP_HUMAN	2.00	1.81	707	0.00017	810	1
NOS1_HUMAN	57.00	51.44	22	0.00498	18	1
ARC_HUMAN	2.00	1.81	705	0.00016	826	1
SHAN2_HUMAN	2.00	1.81	704	0.00016	825	1
DAPK1_HUMAN	3.00	2.71	429	0.00025	388	1
SRC8_HUMAN	3.00	2.71	428	0.00024	416	1
CLH1_HUMAN	4.00	3.61	284	0.00028	282	1
KAP3_HUMAN	3.00	2.71	425	0.00022	487	1
NF1_HUMAN	3.00	2.71	427	0.00021	575	1
DYN1_HUMAN	3.00	2.71	426	0.00021	574	1
TBA1A_HUMAN	3.00	2.71	433	0.00026	380	1
NMDE3_HUMAN	11.00	9.93	62	0.00063	72	1
NMDE4_HUMAN	39.00	35.20	36	0.00225	39	1
CRK_HUMAN	2.00	1.81	716	0.00018	732	1
CTRO_HUMAN	3.00	2.71	432	0.00024	438	1
2ABA_HUMAN	5.00	4.51	201	0.00033	205	1
AINX_HUMAN	2.00	1.81	714	0.00016	857	1
DLGP4_HUMAN	2.00	1.81	715	0.00016	858	1
FUS_HUMAN	2.00	1.81	712	0.00016	855	1
NANO1_HUMAN	2.00	1.81	713	0.00016	856	1
RAP2A_HUMAN	2.00	1.81	711	0.00016	854	1
ZO1_HUMAN	3.00	2.71	431	0.00023	473	1
MYH9_HUMAN	2.00	1.81	709	0.00019	715	1
SP3_HUMAN	2.00	1.81	710	0.00020	683	1
BSN_HUMAN	1.00	0.90	1276	0.00011	2295	1
EPHB4_HUMAN	2.00	1.81	708	0.00019	714	1
K6PL_HUMAN	2.00	1.81	720	0.00017	808	1
SLMAP_HUMAN	1.00	0.90	1288	0.00011	2303	1
TP53B_HUMAN	2.00	1.81	719	0.00020	685	1
TPA_HUMAN	2.00	1.81	718	0.00018	756	1
NU2M_HUMAN	1.00	0.90	1287	0.00011	2302	1
ERBB4_HUMAN	2.00	1.81	717	0.00020	684	1
MYH10_HUMAN	1.00	0.90	1286	0.00011	2301	1
KLC2_HUMAN	1.00	0.90	1285	0.00011	2300	1
ODP2_HUMAN	1.00	0.90	1284	0.00011	2299	1
PAXB1_HUMAN	1.00	0.90	1283	0.00011	2298	1
A16L1_HUMAN	1.00	0.90	1282	0.00011	2297	1
CCG7_HUMAN	1.00	0.90	1281	0.00011	2296	1
CAPON_HUMAN	1.00	0.90	1280	0.00013	1799	1
ZDH23_HUMAN	1.00	0.90	1279	0.00013	1798	1
VAC14_HUMAN	1.00	0.90	1278	0.00013	1797	1
ADA1A_HUMAN	1.00	0.90	1277	0.00013	1796	1
ADA1D_HUMAN	1.00	0.90	1375	0.00013	1800	1
AT2B4_HUMAN	2.00	1.81	749	0.00018	737	1
SYN1_HUMAN	1.00	0.90	1377	0.00013	1802	1
ARGI1_HUMAN	1.00	0.90	1376	0.00013	1801	1
KCC4_HUMAN	1.00	0.90	1378	0.00013	1803	1
BKRB2_HUMAN	2.00	1.81	750	0.00022	514	1
K6PF_HUMAN	1.00	0.90	1380	0.00013	1805	1
NOSIP_HUMAN	1.00	0.90	1379	0.00013	1804	1
NS2D_HUMAN	1.00	0.90	1381	0.00013	1806	1
NOS3_HUMAN	3.00	2.71	436	0.00026	350	1
ADRB2_HUMAN	1.00	0.90	1383	0.00013	1808	1
ADA1B_HUMAN	1.00	0.90	1382	0.00013	1807	1
ADRB1_HUMAN	1.00	0.90	1385	0.00013	1810	1
CAV3_HUMAN	1.00	0.90	1384	0.00013	1809	1
PTN6_HUMAN	2.00	1.81	751	0.00019	700	1
RASD1_HUMAN	1.00	0.90	1386	0.00013	1811	1
PTPRN_HUMAN	1.00	0.90	1387	0.00013	1812	1
NOS2_HUMAN	3.00	2.71	437	0.00027	315	1
ADC_HUMAN	1.00	0.90	1388	0.00013	1813	1
ARLY_HUMAN	1.00	0.90	1389	0.00013	1814	1
RYR2_HUMAN	1.00	0.90	1390	0.00013	1815	1
ASSY_HUMAN	1.00	0.90	1391	0.00013	1816	1
OTC_HUMAN	1.00	0.90	1392	0.00013	1817	1
ARGI2_HUMAN	1.00	0.90	1393	0.00013	1818	1
GATM_HUMAN	1.00	0.90	1394	0.00013	1819	1
LOXL1_HUMAN	1.00	0.90	1395	0.00013	1820	1
LOXL2_HUMAN	1.00	0.90	1396	0.00013	1821	1
LOXL3_HUMAN	1.00	0.90	1397	0.00013	1822	1
LOXL4_HUMAN	1.00	0.90	1398	0.00013	1823	1
SYR_HUMAN	1.00	0.90	1399	0.00013	1824	1
NU5M_HUMAN	1.00	0.90	1400	0.00033	209	3
YMEL1_HUMAN	1.00	0.90	1401	0.00033	210	3
OGG1_HUMAN	14.00	12.63	52	0.00125	53	1
SCG1_HUMAN	1.00	0.90	1403	0.00014	1793	1
APEX1_HUMAN	2.00	1.81	752	0.00022	502	1
XPC_HUMAN	1.00	0.90	1402	0.00014	1792	1
XRCC1_HUMAN	2.00	1.81	755	0.00022	505	1
ERCC8_HUMAN	2.00	1.81	754	0.00022	504	1
ERCC6_HUMAN	2.00	1.81	753	0.00022	503	1
POLI_HUMAN	1.00	0.90	1404	0.00014	1794	1
NTHL1_HUMAN	1.00	0.90	1408	0.00014	1795	1
ANXA3_HUMAN	1.00	0.90	1407	0.00015	1148	1
APTX_HUMAN	1.00	0.90	1406	0.00015	1147	1
ARI2_HUMAN	1.00	0.90	1405	0.00015	1146	1
ARI3A_HUMAN	1.00	0.90	1412	0.00015	1152	1
ARL3_HUMAN	1.00	0.90	1411	0.00015	1151	1
AURKA_HUMAN	1.00	0.90	1410	0.00015	1150	1
BANP_HUMAN	1.00	0.90	1409	0.00015	1149	1
BCR_HUMAN	2.00	1.81	756	0.00022	490	1
BRE1A_HUMAN	1.00	0.90	1415	0.00015	1155	1
BTBD2_HUMAN	1.00	0.90	1413	0.00015	1153	1
CC106_HUMAN	1.00	0.90	1414	0.00015	1154	1
CC14A_HUMAN	1.00	0.90	1418	0.00015	1158	1
CC14B_HUMAN	1.00	0.90	1419	0.00015	1159	1
CCL18_HUMAN	1.00	0.90	1416	0.00015	1156	1
COX17_HUMAN	1.00	0.90	1417	0.00015	1157	1
CUL9_HUMAN	1.00	0.90	1421	0.00015	1161	1
DYR_HUMAN	1.00	0.90	1422	0.00015	1162	1
E4F1_HUMAN	1.00	0.90	1420	0.00015	1160	1
ERH_HUMAN	2.00	1.81	757	0.00024	419	1
FAK1_HUMAN	3.00	2.71	439	0.00028	290	1
FBX11_HUMAN	1.00	0.90	1424	0.00015	1164	1
GNL3_HUMAN	1.00	0.90	1423	0.00015	1163	1
HIF1A_HUMAN	3.00	2.71	438	0.00028	301	1
HUWE1_HUMAN	1.00	0.90	1320	0.00015	1091	1
IF2B_HUMAN	1.00	0.90	1319	0.00015	1090	1
ING4_HUMAN	1.00	0.90	1322	0.00015	1093	1
ING5_HUMAN	1.00	0.90	1321	0.00015	1092	1
KAT5_HUMAN	1.00	0.90	1316	0.00015	1087	1
KAT8_HUMAN	1.00	0.90	1315	0.00015	1086	1
KDM1A_HUMAN	1.00	0.90	1318	0.00015	1089	1
LMBL1_HUMAN	1.00	0.90	1317	0.00015	1088	1
MAGA2_HUMAN	1.00	0.90	1328	0.00015	1099	1
MD2BP_HUMAN	1.00	0.90	1327	0.00015	1098	1
MED17_HUMAN	1.00	0.90	1330	0.00015	1101	1
MED1_HUMAN	1.00	0.90	1329	0.00015	1100	1
MPH6_HUMAN	1.00	0.90	1324	0.00015	1095	1
MTA2_HUMAN	1.00	0.90	1323	0.00015	1094	1
NEDD8_HUMAN	1.00	0.90	1326	0.00015	1097	1
NFYB_HUMAN	1.00	0.90	1325	0.00015	1096	1
NOC2L_HUMAN	1.00	0.90	1335	0.00015	1106	1
NPM_HUMAN	1.00	0.90	1336	0.00015	1107	1
NR0B2_HUMAN	1.00	0.90	1337	0.00015	1108	1
OTUB1_HUMAN	1.00	0.90	1338	0.00015	1109	1
OTUD5_HUMAN	1.00	0.90	1331	0.00015	1102	1
PA1B3_HUMAN	1.00	0.90	1332	0.00015	1103	1
PADI4_HUMAN	1.00	0.90	1333	0.00015	1104	1
PIAS2_HUMAN	1.00	0.90	1334	0.00015	1105	1
PRKRA_HUMAN	1.00	0.90	1343	0.00015	1114	1
QORX_HUMAN	1.00	0.90	1344	0.00015	1115	1
RAB4A_HUMAN	1.00	0.90	1345	0.00015	1116	1
RFWD2_HUMAN	1.00	0.90	1346	0.00015	1117	1
RFWD3_HUMAN	1.00	0.90	1339	0.00015	1110	1
RIR2B_HUMAN	1.00	0.90	1340	0.00015	1111	1
S10A8_HUMAN	1.00	0.90	1341	0.00015	1112	1
SAT1_HUMAN	1.00	0.90	1342	0.00015	1113	1
SETD7_HUMAN	1.00	0.90	1354	0.00015	1125	1
SMYD2_HUMAN	1.00	0.90	1353	0.00015	1124	1
SOX4_HUMAN	1.00	0.90	1352	0.00015	1123	1
SPB9_HUMAN	1.00	0.90	1351	0.00015	1122	1
ST1E1_HUMAN	1.00	0.90	1350	0.00015	1121	1
STX5_HUMAN	1.00	0.90	1349	0.00015	1120	1
T53I1_HUMAN	1.00	0.90	1348	0.00015	1119	1
TADA3_HUMAN	1.00	0.90	1347	0.00015	1118	1
TCPE_HUMAN	1.00	0.90	1362	0.00015	1133	1
TEP1_HUMAN	1.00	0.90	1361	0.00015	1132	1
THAP8_HUMAN	1.00	0.90	1360	0.00015	1131	1
THB_HUMAN	1.00	0.90	1359	0.00015	1130	1
TIF1B_HUMAN	1.00	0.90	1358	0.00015	1129	1
TOPRS_HUMAN	1.00	0.90	1357	0.00015	1128	1
TWST1_HUMAN	1.00	0.90	1356	0.00015	1127	1
TYY1_HUMAN	1.00	0.90	1355	0.00015	1126	1
UBE2K_HUMAN	1.00	0.90	1367	0.00015	1138	1
UBP42_HUMAN	1.00	0.90	1368	0.00015	1139	1
VDR_HUMAN	1.00	0.90	1365	0.00015	1136	1
WDR33_HUMAN	1.00	0.90	1366	0.00015	1137	1
WWOX_HUMAN	2.00	1.81	746	0.00021	577	1
ZCH10_HUMAN	1.00	0.90	1364	0.00015	1135	1
ZMIZ1_HUMAN	1.00	0.90	1363	0.00015	1134	1
ZN420_HUMAN	2.00	1.81	745	0.00021	610	1
ZNF24_HUMAN	1.00	0.90	1373	0.00015	1144	1
AIMP2_HUMAN	1.00	0.90	1374	0.00015	1145	1
CDK9_HUMAN	1.00	0.90	1372	0.00015	1143	1
DVL2_HUMAN	2.00	1.81	748	0.00022	489	1
G3BP1_HUMAN	1.00	0.90	1370	0.00015	1141	1
G3BP2_HUMAN	1.00	0.90	1371	0.00015	1142	1
GUSP1_HUMAN	1.00	0.90	1369	0.00015	1140	1
HECW1_HUMAN	2.00	1.81	747	0.00021	532	1
HNRL1_HUMAN	2.00	1.81	763	0.00024	424	1
K0087_HUMAN	1.00	0.90	1509	0.00015	1249	1
KAT6A_HUMAN	1.00	0.90	1507	0.00015	1247	1
KMT2E_HUMAN	1.00	0.90	1508	0.00015	1248	1
MAGBI_HUMAN	1.00	0.90	1512	0.00015	1252	1
MDC1_HUMAN	1.00	0.90	1513	0.00015	1253	1
MEN1_HUMAN	1.00	0.90	1510	0.00015	1250	1
MIF_HUMAN	1.00	0.90	1511	0.00015	1251	1
MSL2_HUMAN	1.00	0.90	1501	0.00015	1241	1
PDLI7_HUMAN	1.00	0.90	1502	0.00015	1242	1
TCTP_HUMAN	1.00	0.90	1499	0.00015	1239	1
TTK_HUMAN	1.00	0.90	1500	0.00015	1240	1
UBE2N_HUMAN	1.00	0.90	1505	0.00015	1245	1
ARI1A_HUMAN	1.00	0.90	1506	0.00015	1246	1
BACH1_HUMAN	1.00	0.90	1503	0.00015	1243	1
BI2L1_HUMAN	1.00	0.90	1504	0.00015	1244	1
CDC2_HUMAN	1.00	0.90	1494	0.00015	1234	1
CHK1_HUMAN	1.00	0.90	1493	0.00015	1233	1
CJ090_HUMAN	1.00	0.90	1492	0.00015	1232	1
FBX42_HUMAN	1.00	0.90	1491	0.00015	1231	1
KAT7_HUMAN	1.00	0.90	1498	0.00015	1238	1
MDHC_HUMAN	1.00	0.90	1497	0.00015	1237	1
MUL1_HUMAN	1.00	0.90	1496	0.00015	1236	1
SCAM1_HUMAN	1.00	0.90	1495	0.00015	1235	1
SMRC1_HUMAN	1.00	0.90	1486	0.00015	1226	1
TAF9_HUMAN	1.00	0.90	1485	0.00015	1225	1
UBP10_HUMAN	1.00	0.90	1484	0.00015	1224	1
UBR5_HUMAN	1.00	0.90	1483	0.00015	1223	1
UT14A_HUMAN	1.00	0.90	1490	0.00015	1230	1
WDR5_HUMAN	1.00	0.90	1489	0.00015	1229	1
ZBT7A_HUMAN	1.00	0.90	1488	0.00015	1228	1
ZBTB2_HUMAN	1.00	0.90	1487	0.00015	1227	1
CABL1_HUMAN	1.00	0.90	1534	0.00015	1274	1
RNF38_HUMAN	1.00	0.90	1535	0.00015	1275	1
RS7_HUMAN	1.00	0.90	1536	0.00015	1276	1
ING1_HUMAN	1.00	0.90	1537	0.00015	1277	1
PDCD5_HUMAN	1.00	0.90	1538	0.00015	1278	1
TOPK_HUMAN	1.00	0.90	1539	0.00015	1279	1
GPS2_HUMAN	1.00	0.90	1540	0.00015	1280	1
HERC2_HUMAN	1.00	0.90	1541	0.00015	1281	1
HMG1_HUMAN	1.00	0.90	1527	0.00015	1267	1
SMRD1_HUMAN	1.00	0.90	1528	0.00015	1268	1
SOSB1_HUMAN	1.00	0.90	1529	0.00015	1269	1
CSN2_HUMAN	1.00	0.90	1530	0.00015	1270	1
TRRAP_HUMAN	1.00	0.90	1531	0.00015	1271	1
CDK7_HUMAN	1.00	0.90	1532	0.00015	1272	1
GNL3L_HUMAN	1.00	0.90	1533	0.00015	1273	1
MUC1_HUMAN	3.00	2.71	441	0.00027	335	1
RYBP_HUMAN	1.00	0.90	1521	0.00015	1261	1
SET_HUMAN	2.00	1.81	765	0.00022	492	1
UBP29_HUMAN	1.00	0.90	1523	0.00015	1263	1
ANKR2_HUMAN	1.00	0.90	1522	0.00015	1262	1
CCNH_HUMAN	1.00	0.90	1524	0.00015	1264	1
SIN3A_HUMAN	2.00	1.81	766	0.00024	425	1
VRK1_HUMAN	1.00	0.90	1526	0.00015	1266	1
NCOA1_HUMAN	1.00	0.90	1525	0.00015	1265	1
NFYA_HUMAN	1.00	0.90	1515	0.00015	1255	1
PIAS1_HUMAN	1.00	0.90	1514	0.00015	1254	1
BRCC3_HUMAN	1.00	0.90	1517	0.00015	1257	1
IMA1_HUMAN	1.00	0.90	1516	0.00015	1256	1
PERP_HUMAN	1.00	0.90	1519	0.00015	1259	1
RBBP5_HUMAN	1.00	0.90	1518	0.00015	1258	1
S10A2_HUMAN	1.00	0.90	1520	0.00015	1260	1
BRE_HUMAN	2.00	1.81	764	0.00020	623	1
NCOA2_HUMAN	1.00	0.90	1453	0.00015	1193	1
S10A4_HUMAN	1.00	0.90	1454	0.00015	1194	1
SETD2_HUMAN	1.00	0.90	1452	0.00015	1192	1
SIN3B_HUMAN	2.00	1.81	759	0.00024	421	1
WRN_HUMAN	1.00	0.90	1450	0.00015	1190	1
CARM1_HUMAN	1.00	0.90	1451	0.00015	1191	1
ANXA2_HUMAN	1.00	0.90	1448	0.00015	1188	1
PPM1D_HUMAN	1.00	0.90	1449	0.00015	1189	1
UBP11_HUMAN	1.00	0.90	1446	0.00015	1186	1
MSH6_HUMAN	1.00	0.90	1447	0.00015	1187	1
KLF6_HUMAN	1.00	0.90	1444	0.00015	1184	1
ERCC3_HUMAN	1.00	0.90	1445	0.00015	1185	1
WT1_HUMAN	1.00	0.90	1442	0.00015	1182	1
ELL_HUMAN	1.00	0.90	1443	0.00015	1183	1
NUMB_HUMAN	1.00	0.90	1440	0.00015	1180	1
CDK8_HUMAN	1.00	0.90	1441	0.00015	1181	1
PRI1_HUMAN	1.00	0.90	1439	0.00015	1179	1
PCDA4_HUMAN	1.00	0.90	1438	0.00015	1178	1
CSN1_HUMAN	1.00	0.90	1437	0.00015	1177	1
CHK2_HUMAN	1.00	0.90	1436	0.00015	1176	1
BHE40_HUMAN	1.00	0.90	1435	0.00015	1175	1
PP4C_HUMAN	2.00	1.81	758	0.00024	420	1
SENP3_HUMAN	1.00	0.90	1434	0.00015	1174	1
SNAI1_HUMAN	1.00	0.90	1433	0.00015	1173	1
EPHA3_HUMAN	1.00	0.90	1432	0.00015	1172	1
MED21_HUMAN	1.00	0.90	1431	0.00015	1171	1
UIMC1_HUMAN	1.00	0.90	1430	0.00015	1170	1
MNDA_HUMAN	1.00	0.90	1429	0.00015	1169	1
TAF1B_HUMAN	1.00	0.90	1428	0.00015	1168	1
TAF1A_HUMAN	1.00	0.90	1427	0.00015	1167	1
CENPX_HUMAN	1.00	0.90	1426	0.00015	1166	1
MKRN1_HUMAN	1.00	0.90	1425	0.00015	1165	1
P52K_HUMAN	1.00	0.90	1479	0.00015	1219	1
CDN2C_HUMAN	1.00	0.90	1480	0.00015	1220	1
RSMN_HUMAN	1.00	0.90	1481	0.00015	1221	1
TAF1_HUMAN	1.00	0.90	1482	0.00015	1222	1
UBE2A_HUMAN	1.00	0.90	1475	0.00015	1215	1
ZMY11_HUMAN	1.00	0.90	1476	0.00015	1216	1
XPO1_HUMAN	1.00	0.90	1477	0.00015	1217	1
TIF1A_HUMAN	1.00	0.90	1478	0.00015	1218	1
ATF3_HUMAN	1.00	0.90	1471	0.00015	1211	1
KC1D_HUMAN	1.00	0.90	1472	0.00015	1212	1
SNUT2_HUMAN	1.00	0.90	1473	0.00015	1213	1
WDR48_HUMAN	1.00	0.90	1474	0.00015	1214	1
TIGAR_HUMAN	1.00	0.90	1468	0.00015	1208	1
E2F1_HUMAN	1.00	0.90	1469	0.00015	1209	1
EPHA2_HUMAN	2.00	1.81	762	0.00022	491	1
CCNG1_HUMAN	1.00	0.90	1470	0.00015	1210	1
NP1L1_HUMAN	1.00	0.90	1466	0.00015	1206	1
SUMO3_HUMAN	2.00	1.81	760	0.00024	422	1
DYRK2_HUMAN	1.00	0.90	1467	0.00015	1207	1
HDAC9_HUMAN	2.00	1.81	761	0.00024	423	1
PLK1_HUMAN	1.00	0.90	1463	0.00015	1203	1
BRCA2_HUMAN	1.00	0.90	1462	0.00015	1202	1
MAP9_HUMAN	1.00	0.90	1465	0.00015	1205	1
KDM4D_HUMAN	1.00	0.90	1464	0.00015	1204	1
CCNA2_HUMAN	1.00	0.90	1459	0.00015	1199	1
PRPK_HUMAN	1.00	0.90	1458	0.00015	1198	1
SRSF1_HUMAN	1.00	0.90	1461	0.00015	1201	1
IF16_HUMAN	1.00	0.90	1460	0.00015	1200	1
NDRG1_HUMAN	1.00	0.90	1455	0.00015	1195	1
PTEN_HUMAN	3.00	2.71	440	0.00026	362	1
AAKB1_HUMAN	1.00	0.90	1457	0.00015	1197	1
ANM5_HUMAN	1.00	0.90	1456	0.00015	1196	1
CABL2_HUMAN	1.00	0.90	1613	0.00015	1353	1
KPCD_HUMAN	3.00	2.71	445	0.00028	291	1
RFFL_HUMAN	2.00	1.81	774	0.00020	625	1
SNF5_HUMAN	1.00	0.90	1612	0.00015	1352	1
UCHL1_HUMAN	2.00	1.81	775	0.00024	427	1
MK10_HUMAN	1.00	0.90	1616	0.00015	1356	1
PTTG1_HUMAN	1.00	0.90	1615	0.00015	1355	1
ANM1_HUMAN	1.00	0.90	1614	0.00015	1354	1
UBE3A_HUMAN	2.00	1.81	776	0.00021	534	1
SKP2_HUMAN	1.00	0.90	1619	0.00015	1359	1
PHF20_HUMAN	1.00	0.90	1618	0.00015	1358	1
ANK2_HUMAN	1.00	0.90	1617	0.00015	1357	1
MBB1A_HUMAN	2.00	1.81	778	0.00024	428	1
PTTG_HUMAN	1.00	0.90	1621	0.00015	1361	1
STK6_HUMAN	1.00	0.90	1620	0.00015	1360	1
TEC_HUMAN	2.00	1.81	777	0.00021	566	1
VPRBP_HUMAN	1.00	0.90	1599	0.00015	1339	1
PPRB_HUMAN	1.00	0.90	1600	0.00015	1340	1
TAF9B_HUMAN	1.00	0.90	1597	0.00015	1337	1
NQO2_HUMAN	1.00	0.90	1598	0.00015	1338	1
BTK_HUMAN	2.00	1.81	773	0.00022	493	1
APOH_HUMAN	1.00	0.90	1603	0.00015	1343	1
MAT1_HUMAN	1.00	0.90	1601	0.00015	1341	1
AURKB_HUMAN	1.00	0.90	1602	0.00015	1342	1
S10A6_HUMAN	1.00	0.90	1606	0.00015	1346	1
TAD2A_HUMAN	1.00	0.90	1607	0.00015	1347	1
RL11_HUMAN	1.00	0.90	1604	0.00015	1344	1
SETD8_HUMAN	1.00	0.90	1605	0.00015	1345	1
ANXA7_HUMAN	1.00	0.90	1610	0.00015	1350	1
F173A_HUMAN	1.00	0.90	1611	0.00015	1351	1
PSD11_HUMAN	1.00	0.90	1608	0.00015	1348	1
RAP1B_HUMAN	1.00	0.90	1609	0.00015	1349	1
RD23A_HUMAN	1.00	0.90	1638	0.00015	1378	1
UFD1_HUMAN	1.00	0.90	1637	0.00015	1377	1
SHSA5_HUMAN	1.00	0.90	1640	0.00015	1380	1
ETHE1_HUMAN	1.00	0.90	1639	0.00015	1379	1
ETS2_HUMAN	1.00	0.90	1642	0.00015	1382	1
NCOR1_HUMAN	1.00	0.90	1641	0.00015	1381	1
SERPH_HUMAN	1.00	0.90	1644	0.00015	1384	1
RL26_HUMAN	1.00	0.90	1643	0.00015	1383	1
2ABB_HUMAN	2.00	1.81	780	0.00022	494	1
DUS26_HUMAN	1.00	0.90	1645	0.00015	1385	1
TAF6_HUMAN	1.00	0.90	1646	0.00015	1386	1
CD44_HUMAN	3.00	2.71	446	0.00028	305	1
ERCC2_HUMAN	1.00	0.90	1648	0.00015	1388	1
TOE1_HUMAN	1.00	0.90	1647	0.00015	1387	1
DTL_HUMAN	1.00	0.90	1650	0.00015	1390	1
CUL4A_HUMAN	1.00	0.90	1649	0.00015	1389	1
ZN668_HUMAN	1.00	0.90	1622	0.00015	1362	1
CHD8_HUMAN	1.00	0.90	1623	0.00015	1363	1
HMGA1_HUMAN	1.00	0.90	1624	0.00015	1364	1
SUPT3_HUMAN	1.00	0.90	1625	0.00015	1365	1
TAF10_HUMAN	1.00	0.90	1626	0.00015	1366	1
SMUF1_HUMAN	1.00	0.90	1627	0.00015	1367	1
SKI_HUMAN	1.00	0.90	1628	0.00015	1368	1
STK11_HUMAN	1.00	0.90	1629	0.00015	1369	1
GDF15_HUMAN	2.00	1.81	779	0.00021	579	1
ACL6A_HUMAN	1.00	0.90	1630	0.00015	1370	1
PRDM2_HUMAN	1.00	0.90	1631	0.00015	1371	1
ACTS_HUMAN	1.00	0.90	1632	0.00015	1372	1
CCAR1_HUMAN	1.00	0.90	1633	0.00015	1373	1
HMGB2_HUMAN	1.00	0.90	1634	0.00015	1374	1
FKBP3_HUMAN	1.00	0.90	1635	0.00015	1375	1
PHF1_HUMAN	1.00	0.90	1636	0.00015	1376	1
RNF43_HUMAN	1.00	0.90	1562	0.00015	1302	1
KAT2A_HUMAN	1.00	0.90	1561	0.00015	1301	1
CSN3_HUMAN	1.00	0.90	1560	0.00015	1300	1
HECW2_HUMAN	1.00	0.90	1559	0.00015	1299	1
RNF34_HUMAN	1.00	0.90	1558	0.00015	1298	1
FBX4_HUMAN	1.00	0.90	1557	0.00015	1297	1
NUB1_HUMAN	1.00	0.90	1556	0.00015	1296	1
PRAM_HUMAN	1.00	0.90	1555	0.00015	1295	1
ST65G_HUMAN	1.00	0.90	1568	0.00015	1308	1
TADA1_HUMAN	1.00	0.90	1567	0.00015	1307	1
TAF5L_HUMAN	1.00	0.90	1566	0.00015	1306	1
PAI1_HUMAN	3.00	2.71	443	0.00028	303	1
AGO2_HUMAN	1.00	0.90	1565	0.00015	1305	1
CSN4_HUMAN	1.00	0.90	1564	0.00015	1304	1
CSN6_HUMAN	2.00	1.81	769	0.00024	426	1
CSN7A_HUMAN	1.00	0.90	1563	0.00015	1303	1
CSN8_HUMAN	1.00	0.90	1547	0.00015	1287	1
NOTC1_HUMAN	3.00	2.71	442	0.00028	302	1
DPH1_HUMAN	1.00	0.90	1545	0.00015	1285	1
NQO1_HUMAN	1.00	0.90	1546	0.00015	1286	1
LAMA4_HUMAN	1.00	0.90	1543	0.00015	1283	1
TF2H4_HUMAN	1.00	0.90	1544	0.00015	1284	1
FETA_HUMAN	1.00	0.90	1542	0.00015	1282	1
MMP2_HUMAN	2.00	1.81	767	0.00021	578	1
AGO1_HUMAN	1.00	0.90	1553	0.00015	1293	1
ASF1A_HUMAN	1.00	0.90	1554	0.00015	1294	1
CUL4B_HUMAN	1.00	0.90	1551	0.00015	1291	1
TRI39_HUMAN	1.00	0.90	1552	0.00015	1292	1
BRD8_HUMAN	1.00	0.90	1549	0.00015	1289	1
ZMIZ2_HUMAN	1.00	0.90	1550	0.00015	1290	1
UBC1_HUMAN	1.00	0.90	1548	0.00015	1288	1
ELAV1_HUMAN	2.00	1.81	768	0.00021	564	1
IF2B1_HUMAN	1.00	0.90	1587	0.00015	1327	1
HS71L_HUMAN	1.00	0.90	1586	0.00015	1326	1
LPPRC_HUMAN	1.00	0.90	1589	0.00015	1329	1
IASPP_HUMAN	1.00	0.90	1588	0.00015	1328	1
PSMD4_HUMAN	2.00	1.81	771	0.00021	533	1
PIDD_HUMAN	2.00	1.81	770	0.00020	624	1
ADHX_HUMAN	1.00	0.90	1585	0.00015	1325	1
NUAK1_HUMAN	1.00	0.90	1584	0.00015	1324	1
ASPM_HUMAN	1.00	0.90	1594	0.00015	1334	1
LIF_HUMAN	1.00	0.90	1593	0.00015	1333	1
PIWL1_HUMAN	1.00	0.90	1596	0.00015	1336	1
NPRL3_HUMAN	1.00	0.90	1595	0.00015	1335	1
COIA1_HUMAN	2.00	1.81	772	0.00021	565	1
CBPC2_HUMAN	1.00	0.90	1590	0.00015	1330	1
DNJB6_HUMAN	1.00	0.90	1592	0.00015	1332	1
MTHSD_HUMAN	1.00	0.90	1591	0.00015	1331	1
MYL9_HUMAN	1.00	0.90	1573	0.00015	1313	1
SMRD2_HUMAN	1.00	0.90	1574	0.00015	1314	1
SPSB1_HUMAN	1.00	0.90	1575	0.00015	1315	1
TPC11_HUMAN	1.00	0.90	1576	0.00015	1316	1
TRM11_HUMAN	1.00	0.90	1569	0.00015	1309	1
TTLL5_HUMAN	1.00	0.90	1570	0.00015	1310	1
UBE2B_HUMAN	1.00	0.90	1571	0.00015	1311	1
ADRO_HUMAN	1.00	0.90	1572	0.00015	1312	1
BDNF_HUMAN	3.00	2.71	444	0.00028	304	1
AIFM2_HUMAN	1.00	0.90	1581	0.00015	1321	1
PCBP4_HUMAN	1.00	0.90	1582	0.00015	1322	1
ZN148_HUMAN	1.00	0.90	1583	0.00015	1323	1
AP2C_HUMAN	1.00	0.90	1577	0.00015	1317	1
EGR1_HUMAN	1.00	0.90	1578	0.00015	1318	1
RCC1_HUMAN	1.00	0.90	1579	0.00015	1319	1
TBP_HUMAN	1.00	0.90	1580	0.00015	1320	1
DDIT4_HUMAN	1.00	0.90	1747	0.00015	1487	1
BMI1_HUMAN	1.00	0.90	1748	0.00015	1488	1
YBOX1_HUMAN	2.00	1.81	790	0.00021	569	1
TOP2A_HUMAN	1.00	0.90	1749	0.00015	1489	1
MTA1_HUMAN	1.00	0.90	1743	0.00015	1483	1
SMCA4_HUMAN	1.00	0.90	1744	0.00015	1484	1
RL23_HUMAN	1.00	0.90	1745	0.00015	1485	1
SNAI2_HUMAN	1.00	0.90	1746	0.00015	1486	1
SPB5_HUMAN	1.00	0.90	1740	0.00015	1480	1
STEA3_HUMAN	1.00	0.90	1741	0.00015	1481	1
GRP75_HUMAN	2.00	1.81	789	0.00024	435	1
PRDM1_HUMAN	1.00	0.90	1742	0.00015	1482	1
SH21A_HUMAN	1.00	0.90	1737	0.00015	1477	1
CSPG2_HUMAN	1.00	0.90	1738	0.00015	1478	1
TR10C_HUMAN	1.00	0.90	1739	0.00015	1479	1
X3CL1_HUMAN	2.00	1.81	788	0.00021	580	1
CGHB_HUMAN	1.00	0.90	1763	0.00015	1503	1
PNPH_HUMAN	1.00	0.90	1762	0.00015	1502	1
TDP1_HUMAN	1.00	0.90	1765	0.00015	1505	1
DHC24_HUMAN	1.00	0.90	1764	0.00015	1504	1
DPOLA_HUMAN	1.00	0.90	1759	0.00015	1499	1
HS90B_HUMAN	1.00	0.90	1758	0.00015	1498	1
MSX1_HUMAN	1.00	0.90	1761	0.00015	1501	1
NECD_HUMAN	1.00	0.90	1760	0.00015	1500	1
NUCL_HUMAN	1.00	0.90	1755	0.00015	1495	1
PHB_HUMAN	1.00	0.90	1754	0.00015	1494	1
PLK3_HUMAN	1.00	0.90	1757	0.00015	1497	1
S100B_HUMAN	1.00	0.90	1756	0.00015	1496	1
EDN2_HUMAN	1.00	0.90	1751	0.00015	1491	1
RGCC_HUMAN	1.00	0.90	1750	0.00015	1490	1
TYRP1_HUMAN	1.00	0.90	1753	0.00015	1493	1
EF2_HUMAN	1.00	0.90	1752	0.00015	1492	1
TF2H1_HUMAN	1.00	0.90	1720	0.00015	1460	1
TOP2B_HUMAN	1.00	0.90	1721	0.00015	1461	1
MAFK_HUMAN	1.00	0.90	1718	0.00015	1458	1
CRSP6_HUMAN	1.00	0.90	1719	0.00015	1459	1
SIK1_HUMAN	1.00	0.90	1716	0.00015	1456	1
EP400_HUMAN	1.00	0.90	1717	0.00015	1457	1
HIC1_HUMAN	1.00	0.90	1715	0.00015	1455	1
VHL_HUMAN	2.00	1.81	786	0.00021	567	1
CR2_HUMAN	1.00	0.90	1713	0.00015	1453	1
SSR3_HUMAN	1.00	0.90	1714	0.00015	1454	1
RS27A_HUMAN	1.00	0.90	1712	0.00015	1452	1
M4K4_HUMAN	3.00	2.71	448	0.00027	336	1
TF3B_HUMAN	1.00	0.90	1710	0.00015	1450	1
ANGI_HUMAN	1.00	0.90	1711	0.00015	1451	1
NTH_HUMAN	1.00	0.90	1708	0.00015	1448	1
SCN3B_HUMAN	1.00	0.90	1709	0.00015	1449	1
TAD3L_HUMAN	1.00	0.90	1736	0.00015	1476	1
TXNIP_HUMAN	1.00	0.90	1735	0.00015	1475	1
NOTC4_HUMAN	2.00	1.81	787	0.00021	568	1
RING1_HUMAN	1.00	0.90	1734	0.00015	1474	1
KC1G1_HUMAN	1.00	0.90	1733	0.00015	1473	1
KC1G3_HUMAN	1.00	0.90	1732	0.00015	1472	1
PPM1J_HUMAN	1.00	0.90	1731	0.00015	1471	1
SORT_HUMAN	1.00	0.90	1730	0.00015	1470	1
TTC5_HUMAN	1.00	0.90	1729	0.00015	1469	1
ZN274_HUMAN	1.00	0.90	1728	0.00015	1468	1
TFAP4_HUMAN	1.00	0.90	1727	0.00015	1467	1
HEXI1_HUMAN	1.00	0.90	1726	0.00015	1466	1
SIRT1_HUMAN	1.00	0.90	1725	0.00015	1465	1
ANM3_HUMAN	1.00	0.90	1724	0.00015	1464	1
CEBPZ_HUMAN	1.00	0.90	1723	0.00015	1463	1
MUC2_HUMAN	1.00	0.90	1722	0.00015	1462	1
DDX5_HUMAN	1.00	0.90	1687	0.00015	1427	1
TSP1_HUMAN	1.00	0.90	1688	0.00015	1428	1
RIR2_HUMAN	1.00	0.90	1689	0.00015	1429	1
ING2_HUMAN	1.00	0.90	1690	0.00015	1430	1
GPX2_HUMAN	1.00	0.90	1691	0.00015	1431	1
KAD6_HUMAN	1.00	0.90	1692	0.00015	1432	1
ICAM1_HUMAN	4.00	3.61	289	0.00035	192	1
ODBB_HUMAN	1.00	0.90	1693	0.00015	1433	1
KITH_HUMAN	1.00	0.90	1680	0.00015	1420	1
TR10A_HUMAN	1.00	0.90	1681	0.00015	1421	1
CND2_HUMAN	1.00	0.90	1682	0.00015	1422	1
IMA2_HUMAN	1.00	0.90	1683	0.00015	1423	1
T2AG_HUMAN	1.00	0.90	1684	0.00015	1424	1
DMTF1_HUMAN	1.00	0.90	1685	0.00015	1425	1
PSMD6_HUMAN	2.00	1.81	783	0.00020	687	1
RABL6_HUMAN	1.00	0.90	1686	0.00015	1426	1
RING2_HUMAN	1.00	0.90	1701	0.00015	1441	1
RNF39_HUMAN	1.00	0.90	1700	0.00015	1440	1
RS26_HUMAN	1.00	0.90	1703	0.00015	1443	1
SGT1_HUMAN	1.00	0.90	1702	0.00015	1442	1
SMAD1_HUMAN	1.00	0.90	1705	0.00015	1445	1
T22D1_HUMAN	1.00	0.90	1704	0.00015	1444	1
TAF5_HUMAN	1.00	0.90	1707	0.00015	1447	1
TRIM8_HUMAN	1.00	0.90	1706	0.00015	1446	1
UBD_HUMAN	1.00	0.90	1695	0.00015	1435	1
ZHANG_HUMAN	1.00	0.90	1694	0.00015	1434	1
PCNA_HUMAN	1.00	0.90	1697	0.00015	1437	1
FBLN4_HUMAN	1.00	0.90	1696	0.00015	1436	1
MSH2_HUMAN	2.00	1.81	784	0.00024	430	1
NOG1_HUMAN	1.00	0.90	1698	0.00015	1438	1
EZH2_HUMAN	2.00	1.81	785	0.00024	431	1
DNLI1_HUMAN	1.00	0.90	1699	0.00015	1439	1
SESN1_HUMAN	1.00	0.90	1661	0.00015	1401	1
SIAH1_HUMAN	1.00	0.90	1662	0.00015	1402	1
KLF10_HUMAN	1.00	0.90	1659	0.00015	1399	1
UB2D1_HUMAN	1.00	0.90	1660	0.00015	1400	1
DKK1_HUMAN	1.00	0.90	1665	0.00015	1405	1
SAE1_HUMAN	1.00	0.90	1666	0.00015	1406	1
THB1_HUMAN	1.00	0.90	1663	0.00015	1403	1
MARK2_HUMAN	1.00	0.90	1664	0.00015	1404	1
HDAC8_HUMAN	1.00	0.90	1653	0.00015	1393	1
XPO2_HUMAN	1.00	0.90	1654	0.00015	1394	1
AROS_HUMAN	1.00	0.90	1651	0.00015	1391	1
THB2_HUMAN	1.00	0.90	1652	0.00015	1392	1
RS27L_HUMAN	1.00	0.90	1657	0.00015	1397	1
S10A1_HUMAN	1.00	0.90	1658	0.00015	1398	1
TRXR1_HUMAN	1.00	0.90	1655	0.00015	1395	1
CCNK_HUMAN	1.00	0.90	1656	0.00015	1396	1
IRF5_HUMAN	1.00	0.90	1676	0.00015	1416	1
CENPA_HUMAN	1.00	0.90	1675	0.00015	1415	1
GHR_HUMAN	1.00	0.90	1674	0.00015	1414	1
DDX17_HUMAN	2.00	1.81	781	0.00024	429	1
IF5A1_HUMAN	1.00	0.90	1679	0.00015	1419	1
2A5G_HUMAN	2.00	1.81	782	0.00020	686	1
LEU1_HUMAN	1.00	0.90	1678	0.00015	1418	1
MT1A_HUMAN	1.00	0.90	1677	0.00015	1417	1
NFS1_HUMAN	1.00	0.90	1669	0.00015	1409	1
TR10D_HUMAN	1.00	0.90	1668	0.00015	1408	1
CITE1_HUMAN	1.00	0.90	1667	0.00015	1407	1
IBP3_HUMAN	3.00	2.71	447	0.00028	306	1
RS3_HUMAN	1.00	0.90	1673	0.00015	1413	1
PLPL9_HUMAN	1.00	0.90	1672	0.00015	1412	1
MAP1B_HUMAN	1.00	0.90	1671	0.00015	1411	1
MAGD2_HUMAN	1.00	0.90	1670	0.00015	1410	1
SRPK1_HUMAN	1.00	0.90	1819	0.00015	1529	1
BTG2_HUMAN	1.00	0.90	1818	0.00015	1528	1
PAGR1_HUMAN	1.00	0.90	1821	0.00015	1531	1
SAFB2_HUMAN	1.00	0.90	1820	0.00015	1530	1
Z385A_HUMAN	1.00	0.90	1816	0.00015	1526	1
MDR1_HUMAN	1.00	0.90	1815	0.00015	1525	1
BRE1B_HUMAN	1.00	0.90	1817	0.00015	1527	1
DC1I1_HUMAN	2.00	1.81	808	0.00024	433	1
CP24A_HUMAN	4.00	3.61	291	0.00029	268	1
EHMT1_HUMAN	1.00	0.90	1826	0.00015	1536	1
TBA1C_HUMAN	1.00	0.90	1828	0.00015	1538	1
ARP10_HUMAN	1.00	0.90	1827	0.00015	1537	1
AUGN_HUMAN	1.00	0.90	1823	0.00015	1533	1
CL049_HUMAN	1.00	0.90	1822	0.00015	1532	1
ECE2_HUMAN	1.00	0.90	1825	0.00015	1535	1
FRAS1_HUMAN	1.00	0.90	1824	0.00015	1534	1
MAGH1_HUMAN	2.00	1.81	809	0.00020	626	1
MKL2_HUMAN	1.00	0.90	1833	0.00015	1543	1
PCDA7_HUMAN	1.00	0.90	1834	0.00015	1544	1
STAT_HUMAN	1.00	0.90	1835	0.00015	1545	1
VIPR2_HUMAN	1.00	0.90	1829	0.00015	1539	1
CPSF6_HUMAN	1.00	0.90	1830	0.00015	1540	1
DEP1A_HUMAN	1.00	0.90	1831	0.00015	1541	1
E41LB_HUMAN	1.00	0.90	1832	0.00015	1542	1
FA64A_HUMAN	1.00	0.90	1840	0.00015	1550	1
MS18A_HUMAN	1.00	0.90	1841	0.00015	1551	1
TBC31_HUMAN	1.00	0.90	1842	0.00015	1552	1
TGFA_HUMAN	2.00	1.81	810	0.00021	581	1
RNC_HUMAN	1.00	0.90	1836	0.00015	1546	1
Q9NZC7_HUMAN	1.00	0.90	1837	0.00015	1547	1
KLF4_HUMAN	1.00	0.90	1838	0.00015	1548	1
DGCR8_HUMAN	1.00	0.90	1839	0.00015	1549	1
NOTC2_HUMAN	1.00	0.90	1798	0.00015	1512	1
TERT_HUMAN	1.00	0.90	1797	0.00015	1511	1
DNJA3_HUMAN	1.00	0.90	1796	0.00015	1510	1
UB2G2_HUMAN	1.00	0.90	1795	0.00015	1509	1
MAGC2_HUMAN	1.00	0.90	1794	0.00015	1508	1
TAF1C_HUMAN	2.00	1.81	805	0.00024	432	1
CCNB1_HUMAN	1.00	0.90	1793	0.00015	1507	1
ANGT_HUMAN	1.00	0.90	1792	0.00015	1506	1
BCL6_HUMAN	1.00	0.90	1804	0.00015	1518	1
TCP4_HUMAN	1.00	0.90	1803	0.00015	1517	1
FHL2_HUMAN	1.00	0.90	1802	0.00015	1516	1
TIMP3_HUMAN	1.00	0.90	1801	0.00015	1515	1
ZHX2_HUMAN	2.00	1.81	807	0.00021	570	1
DDB2_HUMAN	1.00	0.90	1800	0.00015	1514	1
APC_HUMAN	2.00	1.81	806	0.00022	495	1
CAF1A_HUMAN	1.00	0.90	1799	0.00015	1513	1
CDN2D_HUMAN	1.00	0.90	1809	0.00015	1523	1
BUB1_HUMAN	1.00	0.90	1810	0.00015	1524	1
CCNE2_HUMAN	1.00	0.90	1808	0.00015	1522	1
IGF1_HUMAN	3.00	2.71	473	0.00028	307	1
TDG_HUMAN	1.00	0.90	1806	0.00015	1520	1
KLK3_HUMAN	1.00	0.90	1807	0.00015	1521	1
RPA1_HUMAN	1.00	0.90	1805	0.00015	1519	1
PERI_HUMAN	7.00	6.32	120	0.00084	55	1
PRPH2_HUMAN	4.00	3.61	290	0.00062	75	1
RDS_HUMAN	1.00	0.90	1814	0.00016	853	1
K1C15_HUMAN	1.00	0.90	1812	0.00016	851	1
GBRL1_HUMAN	1.00	0.90	1813	0.00016	852	1
GBRL2_HUMAN	1.00	0.90	1811	0.00016	850	1
PON1_HUMAN	31.00	27.98	43	0.00189	47	1
PON2_HUMAN	40.00	36.10	34	0.00249	36	1
PON3_HUMAN	37.00	33.39	39	0.00224	40	1
APOA2_HUMAN	1.00	0.90	1789	0.00011	2338	1
PPAC_HUMAN	3.00	2.71	450	0.00021	540	1
CP1A1_HUMAN	3.00	2.71	451	0.00021	541	1
CP2E1_HUMAN	2.00	1.81	799	0.00016	838	1
CP1A2_HUMAN	3.00	2.71	453	0.00021	543	1
CP2D6_HUMAN	3.00	2.71	452	0.00021	542	1
CAP7_HUMAN	3.00	2.71	455	0.00021	545	1
COQ6_HUMAN	3.00	2.71	454	0.00021	544	1
CP19A_HUMAN	3.00	2.71	457	0.00021	547	1
CP26A_HUMAN	3.00	2.71	456	0.00021	546	1
CP26B_HUMAN	3.00	2.71	459	0.00021	549	1
CP27B_HUMAN	3.00	2.71	458	0.00021	548	1
CP39A_HUMAN	3.00	2.71	461	0.00021	551	1
CP3A3_HUMAN	3.00	2.71	460	0.00021	550	1
CP46A_HUMAN	3.00	2.71	463	0.00021	553	1
CP4B1_HUMAN	3.00	2.71	462	0.00021	552	1
CP4F8_HUMAN	3.00	2.71	464	0.00021	554	1
CP4FB_HUMAN	3.00	2.71	465	0.00021	555	1
CP4FC_HUMAN	3.00	2.71	466	0.00021	556	1
CP7B1_HUMAN	3.00	2.71	467	0.00021	557	1
PPA5_HUMAN	3.00	2.71	468	0.00021	558	1
PPAL_HUMAN	3.00	2.71	469	0.00021	559	1
PPBI_HUMAN	3.00	2.71	470	0.00021	560	1
5HT2A_HUMAN	1.00	0.90	1790	0.00011	2304	1
CP1B1_HUMAN	2.00	1.81	800	0.00016	839	1
CP2F1_HUMAN	2.00	1.81	801	0.00016	840	1
CP343_HUMAN	1.00	0.90	1791	0.00011	2305	1
CP3A5_HUMAN	2.00	1.81	802	0.00016	841	1
CP8B1_HUMAN	2.00	1.81	803	0.00016	842	1
PPAP_HUMAN	2.00	1.81	804	0.00016	843	1
PPB1_HUMAN	3.00	2.71	471	0.00023	470	1
PPBN_HUMAN	3.00	2.71	472	0.00023	471	1
PPBT_HUMAN	3.00	2.71	449	0.00023	469	1
MYOZ2_HUMAN	2.00	1.81	793	0.00016	1021	1
RCAN1_HUMAN	2.00	1.81	792	0.00018	762	1
MYOZ3_HUMAN	2.00	1.81	791	0.00016	1020	1
GBRB2_HUMAN	1.00	0.90	1769	0.00011	2313	1
RCAN2_HUMAN	1.00	0.90	1768	0.00011	2312	1
CP074_HUMAN	1.00	0.90	1767	0.00011	2311	1
CRTC2_HUMAN	1.00	0.90	1766	0.00011	2310	1
IRF2_HUMAN	2.00	1.81	794	0.00016	1022	1
RFC5_HUMAN	1.00	0.90	1772	0.00011	2316	1
PSA6_HUMAN	1.00	0.90	1771	0.00011	2315	1
E2AK4_HUMAN	1.00	0.90	1770	0.00011	2314	1
IDH3G_HUMAN	1.00	0.90	1776	0.00011	2320	1
MYOZ1_HUMAN	1.00	0.90	1775	0.00011	2319	1
PHLP2_HUMAN	1.00	0.90	1774	0.00011	2318	1
SYNJ1_HUMAN	1.00	0.90	1773	0.00011	2317	1
GBRG2_HUMAN	1.00	0.90	1779	0.00011	2323	1
GBRA1_HUMAN	1.00	0.90	1780	0.00011	2324	1
AKAP5_HUMAN	1.00	0.90	1777	0.00011	2321	1
CHP3_HUMAN	1.00	0.90	1778	0.00011	2322	1
PPR1A_HUMAN	1.00	0.90	1782	0.00011	2326	1
IPPD_HUMAN	1.00	0.90	1783	0.00011	2327	1
UBP14_HUMAN	1.00	0.90	1781	0.00011	2325	1
CABIN_HUMAN	2.00	1.81	795	0.00016	1023	1
RUVB2_HUMAN	1.00	0.90	1784	0.00011	2328	1
P2R3A_HUMAN	2.00	1.81	798	0.00016	1026	1
2ABG_HUMAN	2.00	1.81	796	0.00016	1024	1
SHOC2_HUMAN	2.00	1.81	797	0.00016	1025	1
TOX4_HUMAN	1.00	0.90	1787	0.00011	2329	1
NAC1_HUMAN	1.00	0.90	1788	0.00011	2351	1
NAC2_HUMAN	1.00	0.90	1785	0.00011	2349	1
NAC3_HUMAN	1.00	0.90	1786	0.00011	2350	1
BMR1B_HUMAN	1.00	0.90	1952	0.00010	2354	1
HAX1_HUMAN	1.00	0.90	1953	0.00010	2355	1
IP3KC_HUMAN	1.00	0.90	1950	0.00010	2352	1
SDC2_HUMAN	1.00	0.90	1951	0.00010	2353	1
ROM1_HUMAN	1.00	0.90	1948	0.00019	719	1
CNGB1_HUMAN	1.00	0.90	1949	0.00019	720	1
GRAP2_HUMAN	1.00	0.90	1946	0.00019	718	1
AL2CL_HUMAN	1.00	0.90	1947	0.00014	1610	2
DP13B_HUMAN	1.00	0.90	1944	0.00014	1608	2
ANFY1_HUMAN	1.00	0.90	1945	0.00014	1609	2
US6NL_HUMAN	1.00	0.90	1942	0.00014	1606	2
AGTR1_HUMAN	1.00	0.90	1943	0.00014	1607	2
OCRL_HUMAN	2.00	1.81	822	0.00022	513	2
RABX5_HUMAN	1.00	0.90	1941	0.00014	1605	2
RUFY1_HUMAN	1.00	0.90	1939	0.00014	1603	2
RAE1_HUMAN	1.00	0.90	1940	0.00014	1604	2
PRAF1_HUMAN	1.00	0.90	1938	0.00014	1602	2
RAE2_HUMAN	1.00	0.90	1937	0.00014	1601	2
GDIB_HUMAN	1.00	0.90	1936	0.00014	1600	2
RB22A_HUMAN	1.00	0.90	1935	0.00014	1599	2
RABE2_HUMAN	1.00	0.90	1934	0.00014	1598	2
KIF3B_HUMAN	1.00	0.90	1933	0.00014	1597	2
PGTB2_HUMAN	1.00	0.90	1932	0.00014	1596	2
SH3K1_HUMAN	2.00	1.81	821	0.00020	664	1
PK3C3_HUMAN	1.00	0.90	1931	0.00014	1595	2
RIN2_HUMAN	2.00	1.81	820	0.00022	512	2
AP1G2_HUMAN	1.00	0.90	1930	0.00014	1594	2
RIN1_HUMAN	1.00	0.90	1929	0.00014	1593	2
STX4_HUMAN	2.00	1.81	819	0.00022	511	2
TBC3F_HUMAN	2.00	1.81	818	0.00022	510	2
PDGFB_HUMAN	2.00	1.81	817	0.00022	509	2
SUN2_HUMAN	1.00	0.90	1928	0.00014	1592	2
KCNN3_HUMAN	1.00	0.90	1924	0.00014	1588	2
PI2R_HUMAN	1.00	0.90	1925	0.00014	1589	2
NDKB_HUMAN	1.00	0.90	1926	0.00014	1590	2
VPS45_HUMAN	1.00	0.90	1927	0.00014	1591	2
PRA1_HUMAN	1.00	0.90	1922	0.00014	1586	2
ACTN4_HUMAN	1.00	0.90	1923	0.00014	1587	2
PGFRB_HUMAN	3.00	2.71	477	0.00028	285	1
ITB1_HUMAN	3.00	2.71	478	0.00028	286	1
EHD1_HUMAN	1.00	0.90	1918	0.00014	1582	2
EHD2_HUMAN	1.00	0.90	1919	0.00014	1583	2
SGSM3_HUMAN	1.00	0.90	1920	0.00014	1584	2
EHD3_HUMAN	1.00	0.90	1921	0.00014	1585	2
BAIP2_HUMAN	1.00	0.90	1914	0.00014	1683	2
CHIO_HUMAN	1.00	0.90	1915	0.00014	1684	2
DEFI6_HUMAN	1.00	0.90	1916	0.00014	1685	2
HACE1_HUMAN	1.00	0.90	1917	0.00014	1686	2
MRCKG_HUMAN	1.00	0.90	1911	0.00014	1680	2
NOXA1_HUMAN	1.00	0.90	1910	0.00014	1679	2
PAR6B_HUMAN	1.00	0.90	1913	0.00014	1682	2
PLXA4_HUMAN	1.00	0.90	1912	0.00014	1681	2
RHG15_HUMAN	1.00	0.90	1907	0.00014	1676	2
SH3R1_HUMAN	1.00	0.90	1906	0.00014	1675	2
SH3R3_HUMAN	1.00	0.90	1909	0.00014	1678	2
UNKL_HUMAN	1.00	0.90	1908	0.00014	1677	2
ARHG4_HUMAN	1.00	0.90	1903	0.00014	1672	2
FLNB_HUMAN	1.00	0.90	1902	0.00014	1671	2
CYFP1_HUMAN	1.00	0.90	1905	0.00014	1674	2
PIAS3_HUMAN	1.00	0.90	1904	0.00014	1673	2
ARHGP_HUMAN	1.00	0.90	1899	0.00014	1668	2
KALRN_HUMAN	1.00	0.90	1898	0.00014	1667	2
PAK3_HUMAN	1.00	0.90	1901	0.00014	1670	2
ELMO1_HUMAN	1.00	0.90	1900	0.00014	1669	2
NCKP1_HUMAN	1.00	0.90	1893	0.00014	1662	2
PI42A_HUMAN	1.00	0.90	1894	0.00014	1663	2
STAU1_HUMAN	1.00	0.90	1891	0.00014	1660	2
CHIN_HUMAN	1.00	0.90	1892	0.00014	1661	2
FINC_HUMAN	3.00	2.71	476	0.00027	329	1
RHG33_HUMAN	1.00	0.90	1897	0.00014	1666	2
M3K11_HUMAN	1.00	0.90	1895	0.00014	1664	2
MTR1A_HUMAN	1.00	0.90	1896	0.00014	1665	2
TIAM1_HUMAN	1.00	0.90	1887	0.00014	1656	2
GDIR_HUMAN	1.00	0.90	1888	0.00014	1657	2
CASB_HUMAN	1.00	0.90	1885	0.00014	1654	2
CC104_HUMAN	1.00	0.90	1886	0.00014	1655	2
MAGI1_HUMAN	1.00	0.90	1890	0.00014	1659	2
SFPQ_HUMAN	2.00	1.81	816	0.00023	454	1
TNR12_HUMAN	1.00	0.90	1889	0.00014	1658	2
DICER_HUMAN	2.00	1.81	815	0.00023	453	1
MCF2L_HUMAN	1.00	0.90	1881	0.00014	1650	2
TRIO_HUMAN	1.00	0.90	1880	0.00014	1649	2
CLIP1_HUMAN	1.00	0.90	1879	0.00014	1648	2
PLXB1_HUMAN	1.00	0.90	1878	0.00014	1647	2
ACTB_HUMAN	2.00	1.81	814	0.00023	452	1
KS6B1_HUMAN	1.00	0.90	1884	0.00014	1653	2
PKHG2_HUMAN	1.00	0.90	1883	0.00014	1652	2
INGR1_HUMAN	1.00	0.90	1882	0.00014	1651	2
TBA4A_HUMAN	1.00	0.90	1873	0.00014	1642	2
GDIR3_HUMAN	1.00	0.90	1872	0.00014	1641	2
DIAP3_HUMAN	1.00	0.90	1871	0.00014	1640	2
CXCR4_HUMAN	3.00	2.71	475	0.00027	328	1
NGEF_HUMAN	1.00	0.90	1877	0.00014	1646	2
RCC2_HUMAN	1.00	0.90	1876	0.00014	1645	2
C42S1_HUMAN	1.00	0.90	1875	0.00014	1644	2
HACD3_HUMAN	1.00	0.90	1874	0.00014	1643	2
RHG17_HUMAN	1.00	0.90	1865	0.00014	1634	2
S1PR3_HUMAN	1.00	0.90	1866	0.00014	1635	2
RHG31_HUMAN	1.00	0.90	1867	0.00014	1636	2
IQGA1_HUMAN	1.00	0.90	1868	0.00014	1637	2
MAP2_HUMAN	1.00	0.90	1869	0.00014	1638	2
NCK1_HUMAN	2.00	1.81	812	0.00020	617	1
ARHG1_HUMAN	1.00	0.90	1870	0.00014	1639	2
DMPK_HUMAN	2.00	1.81	813	0.00023	451	1
ABI2_HUMAN	1.00	0.90	1858	0.00014	1627	2
ARFP2_HUMAN	1.00	0.90	1859	0.00014	1628	2
WASP_HUMAN	1.00	0.90	1860	0.00014	1629	2
IQGA2_HUMAN	1.00	0.90	1861	0.00014	1630	2
ERBB2_HUMAN	2.00	1.81	811	0.00020	616	1
UBP6_HUMAN	1.00	0.90	1862	0.00014	1631	2
FES_HUMAN	1.00	0.90	1863	0.00014	1632	2
RGAP1_HUMAN	1.00	0.90	1864	0.00014	1633	2
DOCK1_HUMAN	1.00	0.90	1851	0.00014	1620	2
VCAM1_HUMAN	3.00	2.71	474	0.00027	327	1
3BP1_HUMAN	1.00	0.90	1853	0.00014	1622	2
RHG35_HUMAN	1.00	0.90	1852	0.00014	1621	2
SYNJ2_HUMAN	1.00	0.90	1855	0.00014	1624	2
VAV3_HUMAN	1.00	0.90	1854	0.00014	1623	2
SH3R2_HUMAN	1.00	0.90	1857	0.00014	1626	2
PLD1_HUMAN	1.00	0.90	1856	0.00014	1625	2
TOM1_HUMAN	1.00	0.90	1844	0.00014	1613	2
CYFP2_HUMAN	1.00	0.90	1843	0.00014	1612	2
M3K10_HUMAN	1.00	0.90	1846	0.00014	1615	2
WASL_HUMAN	1.00	0.90	1845	0.00014	1614	2
RTKN_HUMAN	1.00	0.90	1848	0.00014	1617	2
TIAM2_HUMAN	1.00	0.90	1847	0.00014	1616	2
C42S2_HUMAN	1.00	0.90	1850	0.00014	1619	2
ABI1_HUMAN	1.00	0.90	1849	0.00014	1618	2
PAK4_HUMAN	1.00	0.90	2062	0.00014	1786	2
WASF2_HUMAN	1.00	0.90	2061	0.00014	1785	2
PREX2_HUMAN	1.00	0.90	2060	0.00014	1784	2
DOCK2_HUMAN	1.00	0.90	2059	0.00014	1783	2
SPT13_HUMAN	1.00	0.90	2058	0.00014	1782	2
SDF1_HUMAN	2.00	1.81	831	0.00020	629	1
RHG05_HUMAN	1.00	0.90	2057	0.00014	1781	2
DVL3_HUMAN	1.00	0.90	2056	0.00014	1780	2
ICMT_HUMAN	1.00	0.90	2067	0.00014	1791	2
PLAK_HUMAN	1.00	0.90	2066	0.00014	1790	2
PREX1_HUMAN	1.00	0.90	2065	0.00014	1789	2
IQGA3_HUMAN	1.00	0.90	2064	0.00014	1788	2
EFNB2_HUMAN	2.00	1.81	834	0.00020	622	1
S1PR1_HUMAN	2.00	1.81	833	0.00020	621	1
FARP2_HUMAN	1.00	0.90	2063	0.00014	1787	2
SOS1_HUMAN	2.00	1.81	832	0.00020	682	1
SDC4_HUMAN	1.00	0.90	2046	0.00014	1770	2
EFNB3_HUMAN	1.00	0.90	2047	0.00014	1771	2
ITA5_HUMAN	1.00	0.90	2045	0.00014	1769	2
DOCK7_HUMAN	2.00	1.81	830	0.00023	457	1
NCK2_HUMAN	1.00	0.90	2043	0.00014	1767	2
RHG39_HUMAN	1.00	0.90	2044	0.00014	1768	2
UNC5A_HUMAN	1.00	0.90	2041	0.00014	1765	2
FHOD1_HUMAN	1.00	0.90	2042	0.00014	1766	2
GDS1_HUMAN	1.00	0.90	2054	0.00014	1778	2
IL1AP_HUMAN	1.00	0.90	2055	0.00014	1779	2
PAR6A_HUMAN	1.00	0.90	2052	0.00014	1776	2
PAR6G_HUMAN	1.00	0.90	2053	0.00014	1777	2
LIS1_HUMAN	1.00	0.90	2050	0.00014	1774	2
P85B_HUMAN	1.00	0.90	2051	0.00014	1775	2
DOCK6_HUMAN	1.00	0.90	2048	0.00014	1772	2
EDNRA_HUMAN	1.00	0.90	2049	0.00014	1773	2
KLH20_HUMAN	1.00	0.90	2031	0.00014	1755	2
DOK2_HUMAN	1.00	0.90	2030	0.00014	1754	2
P55G_HUMAN	1.00	0.90	2033	0.00014	1757	2
PI51C_HUMAN	1.00	0.90	2032	0.00014	1756	2
PI51B_HUMAN	1.00	0.90	2027	0.00014	1751	2
TP4A1_HUMAN	1.00	0.90	2026	0.00014	1750	2
TP4A3_HUMAN	1.00	0.90	2029	0.00014	1753	2
ARHG2_HUMAN	1.00	0.90	2028	0.00014	1752	2
DOCK8_HUMAN	1.00	0.90	2039	0.00014	1763	2
FMNL_HUMAN	1.00	0.90	2038	0.00014	1762	2
TLR2_HUMAN	1.00	0.90	2040	0.00014	1764	2
VWF_HUMAN	2.00	1.81	829	0.00020	620	1
CNTP1_HUMAN	1.00	0.90	2035	0.00014	1759	2
ARHG7_HUMAN	1.00	0.90	2034	0.00014	1758	2
KTN1_HUMAN	1.00	0.90	2037	0.00014	1761	2
NOXO1_HUMAN	1.00	0.90	2036	0.00014	1760	2
RAB35_HUMAN	1.00	0.90	2016	0.00014	1740	2
S2A4R_HUMAN	1.00	0.90	2017	0.00014	1741	2
ARHGJ_HUMAN	1.00	0.90	2018	0.00014	1742	2
EGF_HUMAN	2.00	1.81	828	0.00020	619	1
RHG01_HUMAN	1.00	0.90	2012	0.00014	1736	2
RAB8A_HUMAN	1.00	0.90	2013	0.00014	1737	2
DVL1_HUMAN	1.00	0.90	2014	0.00014	1738	2
OPHN1_HUMAN	1.00	0.90	2015	0.00014	1739	2
RBP1_HUMAN	3.00	2.71	480	0.00026	361	1
ROCK2_HUMAN	1.00	0.90	2023	0.00014	1747	2
VAV2_HUMAN	1.00	0.90	2024	0.00014	1748	2
GRN_HUMAN	1.00	0.90	2025	0.00014	1749	2
NET1_HUMAN	1.00	0.90	2019	0.00014	1743	2
LTBP4_HUMAN	1.00	0.90	2020	0.00014	1744	2
EPHB1_HUMAN	1.00	0.90	2021	0.00014	1745	2
RAB13_HUMAN	1.00	0.90	2022	0.00014	1746	2
RHG24_HUMAN	1.00	0.90	1999	0.00014	1723	2
EXOC5_HUMAN	1.00	0.90	1998	0.00014	1722	2
RAB14_HUMAN	1.00	0.90	1997	0.00014	1721	2
SRGP2_HUMAN	1.00	0.90	1996	0.00014	1720	2
EPS8_HUMAN	1.00	0.90	2003	0.00014	1727	2
EFNA1_HUMAN	1.00	0.90	2002	0.00014	1726	2
SPN90_HUMAN	1.00	0.90	2001	0.00014	1725	2
BCA1_HUMAN	1.00	0.90	2000	0.00014	1724	2
COX3_HUMAN	1.00	0.90	2007	0.00014	1731	2
ANGL4_HUMAN	1.00	0.90	2006	0.00014	1730	2
CRKL_HUMAN	1.00	0.90	2005	0.00014	1729	2
EPHB3_HUMAN	1.00	0.90	2004	0.00014	1728	2
FRK_HUMAN	1.00	0.90	2011	0.00014	1735	2
HGF_HUMAN	1.00	0.90	2010	0.00014	1734	2
EXOC6_HUMAN	1.00	0.90	2009	0.00014	1733	2
PLXA1_HUMAN	1.00	0.90	2008	0.00014	1732	2
RAB10_HUMAN	1.00	0.90	1984	0.00014	1708	2
SEM4D_HUMAN	1.00	0.90	1985	0.00014	1709	2
M4K2_HUMAN	2.00	1.81	825	0.00020	681	1
DIAP1_HUMAN	1.00	0.90	1983	0.00014	1707	2
ROBO1_HUMAN	1.00	0.90	1987	0.00014	1711	2
ARF6_HUMAN	1.00	0.90	1988	0.00014	1712	2
CD86_HUMAN	2.00	1.81	826	0.00020	628	1
ABR_HUMAN	1.00	0.90	1986	0.00014	1710	2
WNT5A_HUMAN	1.00	0.90	1990	0.00014	1714	2
DOCK9_HUMAN	1.00	0.90	1991	0.00014	1715	2
PLXA3_HUMAN	2.00	1.81	827	0.00023	456	1
SRGP1_HUMAN	1.00	0.90	1989	0.00014	1713	2
KIT_HUMAN	1.00	0.90	1994	0.00014	1718	2
SOS2_HUMAN	1.00	0.90	1995	0.00014	1719	2
COG5_HUMAN	1.00	0.90	1992	0.00014	1716	2
PLXA2_HUMAN	1.00	0.90	1993	0.00014	1717	2
ABLM1_HUMAN	1.00	0.90	1970	0.00014	1694	2
ABLM2_HUMAN	1.00	0.90	1969	0.00014	1693	2
ABLM3_HUMAN	1.00	0.90	1971	0.00014	1695	2
GPC1_HUMAN	2.00	1.81	824	0.00020	618	1
SNP23_HUMAN	1.00	0.90	1973	0.00014	1697	2
GIT2_HUMAN	1.00	0.90	1972	0.00014	1696	2
ASPC1_HUMAN	1.00	0.90	1975	0.00014	1699	2
FZD2_HUMAN	1.00	0.90	1974	0.00014	1698	2
ARTN_HUMAN	1.00	0.90	1976	0.00014	1700	2
MMP9_HUMAN	3.00	2.71	479	0.00027	330	1
SLIT2_HUMAN	1.00	0.90	1978	0.00014	1702	2
DOC11_HUMAN	1.00	0.90	1977	0.00014	1701	2
EXOC8_HUMAN	1.00	0.90	1980	0.00014	1704	2
ACTN3_HUMAN	1.00	0.90	1979	0.00014	1703	2
CD5R1_HUMAN	1.00	0.90	1982	0.00014	1706	2
EDG1_HUMAN	1.00	0.90	1981	0.00014	1705	2
GBG1_HUMAN	1.00	0.90	1954	0.00014	1687	2
ITB3_HUMAN	1.00	0.90	1955	0.00014	1688	2
NTRK1_HUMAN	1.00	0.90	1956	0.00014	1689	2
P3C2G_HUMAN	1.00	0.90	1957	0.00014	1690	2
PSA7L_HUMAN	1.00	0.90	1958	0.00014	1691	2
STXB3_HUMAN	2.00	1.81	823	0.00023	455	1
TREM2_HUMAN	1.00	0.90	1959	0.00014	1692	2
BAG6_HUMAN	1.00	0.90	1960	0.00016	878	1
COIL_HUMAN	1.00	0.90	1961	0.00016	879	1
GAR1_HUMAN	1.00	0.90	1962	0.00016	880	1
GDF9_HUMAN	1.00	0.90	1963	0.00016	881	1
GEMI4_HUMAN	1.00	0.90	1964	0.00016	882	1
LRIF1_HUMAN	1.00	0.90	1965	0.00016	883	1
LSM11_HUMAN	1.00	0.90	1966	0.00016	884	1
NTAQ1_HUMAN	1.00	0.90	1967	0.00016	885	1
RUXE_HUMAN	1.00	0.90	1968	0.00016	886	1
U119A_HUMAN	1.00	0.90	2196	0.00016	903	1
STRAP_HUMAN	1.00	0.90	2197	0.00016	904	1
GEMI6_HUMAN	1.00	0.90	2198	0.00016	905	1
GEMI2_HUMAN	1.00	0.90	2199	0.00016	906	1
ILF3_HUMAN	1.00	0.90	2200	0.00016	907	1
LENG8_HUMAN	1.00	0.90	2201	0.00016	908	1
LSM10_HUMAN	1.00	0.90	2202	0.00016	909	1
RFOX2_HUMAN	1.00	0.90	2203	0.00016	910	1
GEMI8_HUMAN	1.00	0.90	2204	0.00016	911	1
LSM6_HUMAN	1.00	0.90	2205	0.00016	912	1
FBRL_HUMAN	1.00	0.90	2206	0.00016	913	1
HNRH1_HUMAN	1.00	0.90	2207	0.00016	914	1
ROA2_HUMAN	1.00	0.90	2208	0.00016	915	1
RU17_HUMAN	1.00	0.90	2209	0.00016	916	1
HNRH3_HUMAN	1.00	0.90	2210	0.00016	917	1
LSM4_HUMAN	1.00	0.90	2211	0.00016	918	1
SPN1_HUMAN	1.00	0.90	2181	0.00016	888	1
RU2A_HUMAN	1.00	0.90	2180	0.00016	887	1
DDX20_HUMAN	1.00	0.90	2183	0.00016	890	1
HNRPR_HUMAN	1.00	0.90	2182	0.00016	889	1
NONO_HUMAN	1.00	0.90	2185	0.00016	892	1
LSM7_HUMAN	1.00	0.90	2184	0.00016	891	1
NOP56_HUMAN	1.00	0.90	2187	0.00016	894	1
TR150_HUMAN	1.00	0.90	2186	0.00016	893	1
KPYM_HUMAN	1.00	0.90	2189	0.00016	896	1
RSMB_HUMAN	1.00	0.90	2188	0.00016	895	1
DHX9_HUMAN	1.00	0.90	2191	0.00016	898	1
GEMI7_HUMAN	1.00	0.90	2190	0.00016	897	1
SLX1_HUMAN	1.00	0.90	2193	0.00016	900	1
RUXG_HUMAN	1.00	0.90	2192	0.00016	899	1
RBBP6_HUMAN	1.00	0.90	2195	0.00016	902	1
ZRAB2_HUMAN	1.00	0.90	2194	0.00016	901	1
H31T_HUMAN	1.00	0.90	2230	0.00016	937	1
TCRG1_HUMAN	1.00	0.90	2231	0.00016	938	1
A1BG_HUMAN	1.00	0.90	2228	0.00016	935	1
A2MG_HUMAN	1.00	0.90	2229	0.00016	936	1
ACL6B_HUMAN	1.00	0.90	2234	0.00016	941	1
AGAP1_HUMAN	1.00	0.90	2235	0.00016	942	1
APLP1_HUMAN	1.00	0.90	2232	0.00016	939	1
ARFG1_HUMAN	1.00	0.90	2233	0.00016	940	1
ATPB_HUMAN	1.00	0.90	2238	0.00016	945	1
ATS10_HUMAN	1.00	0.90	2239	0.00016	946	1
CAB45_HUMAN	1.00	0.90	2236	0.00016	943	1
CC90B_HUMAN	1.00	0.90	2237	0.00016	944	1
CHSP1_HUMAN	1.00	0.90	2242	0.00016	949	1
CO4A2_HUMAN	1.00	0.90	2243	0.00016	950	1
CO4A5_HUMAN	1.00	0.90	2240	0.00016	947	1
CRIP2_HUMAN	1.00	0.90	2241	0.00016	948	1
CS060_HUMAN	1.00	0.90	2215	0.00016	922	1
CSAD_HUMAN	1.00	0.90	2214	0.00016	921	1
DDAH2_HUMAN	1.00	0.90	2213	0.00016	920	1
DMP4_HUMAN	1.00	0.90	2212	0.00016	919	1
DUS2L_HUMAN	1.00	0.90	2219	0.00016	926	1
ECHB_HUMAN	1.00	0.90	2218	0.00016	925	1
EIF3G_HUMAN	1.00	0.90	2217	0.00016	924	1
EM55_HUMAN	1.00	0.90	2216	0.00016	923	1
EXT2_HUMAN	1.00	0.90	2223	0.00016	930	1
FAD1_HUMAN	1.00	0.90	2222	0.00016	929	1
FIBB_HUMAN	1.00	0.90	2221	0.00016	928	1
HMGX3_HUMAN	1.00	0.90	2220	0.00016	927	1
IMMT_HUMAN	1.00	0.90	2227	0.00016	934	1
INP5K_HUMAN	1.00	0.90	2226	0.00016	933	1
JADE1_HUMAN	1.00	0.90	2225	0.00016	932	1
KBRS2_HUMAN	1.00	0.90	2224	0.00016	931	1
KI67_HUMAN	1.00	0.90	2263	0.00016	970	1
KIF5A_HUMAN	1.00	0.90	2264	0.00016	971	1
KLHL5_HUMAN	1.00	0.90	2265	0.00016	972	1
KMT2B_HUMAN	1.00	0.90	2266	0.00016	973	1
MAST2_HUMAN	1.00	0.90	2259	0.00016	966	1
MED31_HUMAN	1.00	0.90	2260	0.00016	967	1
MYOME_HUMAN	1.00	0.90	2261	0.00016	968	1
PSME1_HUMAN	1.00	0.90	2262	0.00016	969	1
RBBP4_HUMAN	1.00	0.90	2271	0.00016	978	1
RM37_HUMAN	1.00	0.90	2272	0.00016	979	1
RS2_HUMAN	1.00	0.90	2273	0.00016	980	1
SEM5B_HUMAN	1.00	0.90	2274	0.00016	981	1
SMC5_HUMAN	1.00	0.90	2267	0.00016	974	1
SP110_HUMAN	1.00	0.90	2268	0.00016	975	1
TBB3_HUMAN	1.00	0.90	2269	0.00016	976	1
TRM2A_HUMAN	1.00	0.90	2270	0.00016	977	1
TYB4_HUMAN	1.00	0.90	2248	0.00016	955	1
UBP4_HUMAN	2.00	1.81	848	0.00021	531	1
VATA_HUMAN	1.00	0.90	2250	0.00016	957	1
WDR18_HUMAN	1.00	0.90	2249	0.00016	956	1
WDR73_HUMAN	1.00	0.90	2245	0.00016	952	1
WIZ_HUMAN	1.00	0.90	2244	0.00016	951	1
ZBT16_HUMAN	1.00	0.90	2247	0.00016	954	1
ZN431_HUMAN	1.00	0.90	2246	0.00016	953	1
ZXDC_HUMAN	1.00	0.90	2256	0.00016	963	1
LSM5_HUMAN	1.00	0.90	2255	0.00016	962	1
HDA11_HUMAN	1.00	0.90	2258	0.00016	965	1
RU2B_HUMAN	1.00	0.90	2257	0.00016	964	1
STXB2_HUMAN	1.00	0.90	2252	0.00016	959	1
LEG1_HUMAN	1.00	0.90	2251	0.00016	958	1
SERF1_HUMAN	1.00	0.90	2254	0.00016	961	1
ROA1_HUMAN	1.00	0.90	2253	0.00016	960	1
SMD3_HUMAN	1.00	0.90	2295	0.00016	992	1
RUXF_HUMAN	1.00	0.90	2296	0.00016	993	1
SMD1_HUMAN	1.00	0.90	2293	0.00016	990	1
SMD2_HUMAN	1.00	0.90	2294	0.00016	991	1
NOLA1_HUMAN	1.00	0.90	2291	0.00016	988	1
TIAR_HUMAN	1.00	0.90	2292	0.00016	989	1
RPB1_HUMAN	1.00	0.90	2289	0.00016	986	1
OSTF1_HUMAN	1.00	0.90	2290	0.00016	987	1
LSM2_HUMAN	1.00	0.90	2303	0.00016	1000	1
COPA_HUMAN	1.00	0.90	2304	0.00016	1001	1
MIB1_HUMAN	1.00	0.90	2301	0.00016	998	1
SRP09_HUMAN	1.00	0.90	2302	0.00016	999	1
SRP19_HUMAN	1.00	0.90	2299	0.00016	996	1
SRP54_HUMAN	1.00	0.90	2300	0.00016	997	1
SRP68_HUMAN	1.00	0.90	2297	0.00016	994	1
SNRPA_HUMAN	1.00	0.90	2298	0.00016	995	1
PERQ2_HUMAN	1.00	0.90	2282	0.00016	985	1
POP7_HUMAN	1.00	0.90	2281	0.00016	984	1
SRSF3_HUMAN	1.00	0.90	2280	0.00016	983	1
HNRPQ_HUMAN	1.00	0.90	2279	0.00016	982	1
RN19A_HUMAN	1.00	0.90	2278	0.00013	1869	1
HXB2_HUMAN	1.00	0.90	2277	0.00013	1868	1
DYLT1_HUMAN	1.00	0.90	2276	0.00013	1867	1
PRP6_HUMAN	1.00	0.90	2275	0.00013	1866	1
MARH5_HUMAN	1.00	0.90	2288	0.00013	1875	1
OPTN_HUMAN	3.00	2.71	483	0.00026	382	1
COMD1_HUMAN	1.00	0.90	2287	0.00013	1874	1
FOXA1_HUMAN	1.00	0.90	2286	0.00013	1873	1
DNJB1_HUMAN	1.00	0.90	2285	0.00013	1872	1
MIA40_HUMAN	2.00	1.81	849	0.00022	485	1
SYK_HUMAN	1.00	0.90	2284	0.00013	1871	1
LAMP2_HUMAN	1.00	0.90	2283	0.00013	1870	1
TADBP_HUMAN	1.00	0.90	2086	0.00013	1860	1
C1QBP_HUMAN	1.00	0.90	2085	0.00013	1859	1
DC2L1_HUMAN	1.00	0.90	2088	0.00013	1862	1
NBR1_HUMAN	1.00	0.90	2087	0.00013	1861	1
PLEK_HUMAN	1.00	0.90	2090	0.00013	1864	1
TITIN_HUMAN	1.00	0.90	2089	0.00013	1863	1
VINC_HUMAN	1.00	0.90	2092	0.00013	1865	1
TM40L_HUMAN	1.00	0.90	2091	0.00033	212	4
RAB1B_HUMAN	1.00	0.90	2081	0.00033	211	4
TNR1B_HUMAN	28.00	25.27	47	0.00209	42	1
ADA17_HUMAN	2.00	1.81	838	0.00019	717	1
PDK1L_HUMAN	1.00	0.90	2082	0.00013	1938	1
TNFB_HUMAN	3.00	2.71	481	0.00025	402	1
LYAM2_HUMAN	2.00	1.81	839	0.00019	694	1
ADAM9_HUMAN	1.00	0.90	2084	0.00013	1940	1
RNF31_HUMAN	1.00	0.90	2083	0.00013	1939	1
MMP17_HUMAN	1.00	0.90	2073	0.00013	1930	1
HOIL1_HUMAN	1.00	0.90	2074	0.00013	1931	1
PO2F1_HUMAN	1.00	0.90	2075	0.00013	1932	1
PRTN3_HUMAN	1.00	0.90	2076	0.00013	1933	1
CSF2_HUMAN	1.00	0.90	2077	0.00013	1934	1
IL23A_HUMAN	1.00	0.90	2078	0.00013	1935	1
TFIP8_HUMAN	1.00	0.90	2079	0.00013	1936	1
IFNG_HUMAN	1.00	0.90	2080	0.00013	1937	1
CCL2_HUMAN	2.00	1.81	835	0.00019	691	1
LIPL_HUMAN	1.00	0.90	2068	0.00013	1925	1
TF_HUMAN	2.00	1.81	836	0.00019	692	1
CD83_HUMAN	1.00	0.90	2069	0.00013	1926	1
MMP1_HUMAN	2.00	1.81	837	0.00019	693	1
UROK_HUMAN	1.00	0.90	2070	0.00013	1927	1
ANF_HUMAN	1.00	0.90	2071	0.00013	1928	1
PRL_HUMAN	1.00	0.90	2072	0.00013	1929	1
CD38_HUMAN	1.00	0.90	2115	0.00013	1963	1
ITAM_HUMAN	1.00	0.90	2114	0.00013	1962	1
PGS1_HUMAN	1.00	0.90	2113	0.00013	1961	1
IRF1_HUMAN	1.00	0.90	2112	0.00013	1960	1
CSF1_HUMAN	1.00	0.90	2118	0.00013	1966	1
MYLK_HUMAN	1.00	0.90	2117	0.00013	1965	1
PGS2_HUMAN	2.00	1.81	845	0.00019	698	1
VEGFC_HUMAN	1.00	0.90	2116	0.00013	1964	1
CH3L1_HUMAN	1.00	0.90	2107	0.00013	1955	1
OTUL_HUMAN	1.00	0.90	2106	0.00013	1954	1
SHRPN_HUMAN	2.00	1.81	844	0.00019	729	1
CYLD_HUMAN	2.00	1.81	843	0.00019	728	1
FOXP3_HUMAN	1.00	0.90	2111	0.00013	1959	1
RETN_HUMAN	1.00	0.90	2110	0.00013	1958	1
CD59_HUMAN	1.00	0.90	2109	0.00013	1957	1
PIGR_HUMAN	1.00	0.90	2108	0.00013	1956	1
DHI1_HUMAN	1.00	0.90	2101	0.00013	1949	1
AQP3_HUMAN	1.00	0.90	2102	0.00013	1950	1
IRF6_HUMAN	1.00	0.90	2099	0.00013	1947	1
ADIPO_HUMAN	1.00	0.90	2100	0.00013	1948	1
CCR7_HUMAN	1.00	0.90	2105	0.00013	1953	1
EPO_HUMAN	2.00	1.81	842	0.00019	697	1
PAPP1_HUMAN	1.00	0.90	2103	0.00013	1951	1
FANCG_HUMAN	1.00	0.90	2104	0.00013	1952	1
LEP_HUMAN	2.00	1.81	840	0.00019	695	1
TN13B_HUMAN	1.00	0.90	2095	0.00013	1943	1
IL11_HUMAN	1.00	0.90	2093	0.00013	1941	1
TIMP1_HUMAN	1.00	0.90	2094	0.00013	1942	1
TRBM_HUMAN	1.00	0.90	2097	0.00013	1945	1
OCLN_HUMAN	1.00	0.90	2098	0.00013	1946	1
VGFR2_HUMAN	2.00	1.81	841	0.00019	696	1
1C07_HUMAN	1.00	0.90	2096	0.00013	1944	1
TNR3_HUMAN	1.00	0.90	2145	0.00013	1977	1
MADCA_HUMAN	1.00	0.90	2144	0.00013	1976	1
IRF7_HUMAN	1.00	0.90	2147	0.00013	1979	1
IFNB_HUMAN	1.00	0.90	2146	0.00013	1978	1
CSF3_HUMAN	1.00	0.90	2141	0.00013	1973	1
ITB2_HUMAN	1.00	0.90	2140	0.00013	1972	1
RENI_HUMAN	1.00	0.90	2143	0.00013	1975	1
CXA1_HUMAN	1.00	0.90	2142	0.00013	1974	1
CXL13_HUMAN	1.00	0.90	2137	0.00013	1969	1
C5AR1_HUMAN	1.00	0.90	2136	0.00013	1968	1
OLR1_HUMAN	1.00	0.90	2139	0.00013	1971	1
IKKE_HUMAN	1.00	0.90	2138	0.00013	1970	1
PPARG_HUMAN	3.00	2.71	482	0.00025	392	1
TLR9_HUMAN	1.00	0.90	2133	0.00013	1967	1
PI42B_HUMAN	1.00	0.90	2135	0.00012	2176	1
PSMD2_HUMAN	1.00	0.90	2134	0.00012	2175	1
MADD_HUMAN	1.00	0.90	2130	0.00012	2172	1
ERAP1_HUMAN	1.00	0.90	2131	0.00012	2173	1
TRAP1_HUMAN	2.00	1.81	847	0.00018	743	1
MYOC_HUMAN	1.00	0.90	2132	0.00012	2174	1
CLIP3_HUMAN	1.00	0.90	2127	0.00012	2169	1
FACD2_HUMAN	2.00	1.81	846	0.00018	742	1
TRPC4_HUMAN	1.00	0.90	2128	0.00012	2170	1
ASM_HUMAN	1.00	0.90	2129	0.00012	2171	1
BIG2_HUMAN	1.00	0.90	2123	0.00012	2165	1
TNFC_HUMAN	1.00	0.90	2124	0.00012	2166	1
UBP2_HUMAN	1.00	0.90	2125	0.00012	2167	1
CNTRL_HUMAN	1.00	0.90	2126	0.00012	2168	1
M4K5_HUMAN	1.00	0.90	2119	0.00012	2161	1
FAN_HUMAN	1.00	0.90	2120	0.00012	2162	1
TP4AP_HUMAN	1.00	0.90	2121	0.00012	2163	1
ERG_HUMAN	1.00	0.90	2122	0.00012	2164	1
PSD2_HUMAN	1.00	0.90	2179	0.00012	2189	1
XPOT_HUMAN	1.00	0.90	2178	0.00012	2188	1
M4K3_HUMAN	1.00	0.90	2177	0.00012	2187	1
NRK_HUMAN	1.00	0.90	2176	0.00012	2186	1
NSMA2_HUMAN	1.00	0.90	2175	0.00012	2185	1
KHDR1_HUMAN	1.00	0.90	2174	0.00012	2184	1
TRPC5_HUMAN	1.00	0.90	2173	0.00012	2183	1
TNF13_HUMAN	1.00	0.90	2172	0.00012	2182	1
RIPK3_HUMAN	1.00	0.90	2171	0.00012	2181	1
PRDX3_HUMAN	1.00	0.90	2170	0.00012	2180	1
HRG_HUMAN	1.00	0.90	2169	0.00012	2179	1
SHIP1_HUMAN	1.00	0.90	2168	0.00012	2178	1
RL40_HUMAN	1.00	0.90	2167	0.00012	2177	1
ASB3_HUMAN	1.00	0.90	2166	0.00012	2140	1
TRI37_HUMAN	1.00	0.90	2165	0.00012	2139	1
TYDP2_HUMAN	1.00	0.90	2164	0.00012	2138	1
ZEP3_HUMAN	1.00	0.90	2162	0.00012	2136	1
SMUF2_HUMAN	1.00	0.90	2163	0.00012	2137	1
CD14_HUMAN	1.00	0.90	2160	0.00012	2134	1
TRAIP_HUMAN	1.00	0.90	2161	0.00012	2135	1
SAM50_HUMAN	1.00	0.90	2158	0.00016	1012	1
MTX1_HUMAN	1.00	0.90	2159	0.00016	1013	1
SC24C_HUMAN	1.00	0.90	2156	0.00016	1010	1
TIM50_HUMAN	1.00	0.90	2157	0.00016	1011	1
MTX2_HUMAN	1.00	0.90	2154	0.00016	1008	1
TIM9_HUMAN	1.00	0.90	2155	0.00016	1009	1
TOM5_HUMAN	1.00	0.90	2152	0.00016	1006	1
TIM16_HUMAN	1.00	0.90	2153	0.00016	1007	1
TOM70_HUMAN	1.00	0.90	2150	0.00016	1004	1
TOM7_HUMAN	1.00	0.90	2151	0.00016	1005	1
TI17B_HUMAN	1.00	0.90	2148	0.00016	1002	1
GRPE1_HUMAN	1.00	0.90	2149	0.00016	1003	1
PINK1_HUMAN	1.00	0.90	2307	0.00016	1016	1
TIM14_HUMAN	1.00	0.90	2308	0.00016	1017	1
TIM21_HUMAN	1.00	0.90	2305	0.00016	1014	1
ALR_HUMAN	1.00	0.90	2306	0.00016	1015	1
GRPE2_HUMAN	1.00	0.90	2311	0.00016	1018	1
TOM6_HUMAN	1.00	0.90	2312	0.00016	1019	1
VGFR1_HUMAN	1.00	0.90	2309	0.00013	1876	1
CTGF_HUMAN	1.00	0.90	2310	0.00013	1877	1
NRP1_HUMAN	1.00	0.90	2315	0.00013	1880	1
EPAS1_HUMAN	1.00	0.90	2316	0.00013	1881	1
LYVE1_HUMAN	1.00	0.90	2313	0.00013	1878	1
NRP2_HUMAN	1.00	0.90	2314	0.00013	1879	1
PLGF_HUMAN	1.00	0.90	2319	0.00013	1884	1
ITAV_HUMAN	1.00	0.90	2320	0.00013	1885	1
TENX_HUMAN	1.00	0.90	2317	0.00013	1882	1
HGS_HUMAN	1.00	0.90	2318	0.00013	1883	1
SHPS1_HUMAN	1.00	0.90	2324	0.00013	1889	1
SPRC_HUMAN	1.00	0.90	2323	0.00013	1888	1
INSR2_HUMAN	1.00	0.90	2322	0.00013	1887	1
HDAC7_HUMAN	1.00	0.90	2321	0.00013	1886	1
SHC2_HUMAN	1.00	0.90	2328	0.00013	1893	1
ATS1_HUMAN	1.00	0.90	2327	0.00013	1892	1
DLL4_HUMAN	1.00	0.90	2326	0.00013	1891	1
IBP7_HUMAN	1.00	0.90	2325	0.00013	1890	1
VTNC_HUMAN	1.00	0.90	2332	0.00013	1897	1
ETV4_HUMAN	1.00	0.90	2331	0.00013	1896	1
PGFRA_HUMAN	1.00	0.90	2330	0.00013	1895	1
BASI_HUMAN	1.00	0.90	2329	0.00013	1894	1
BGH3_HUMAN	1.00	0.90	2336	0.00013	1901	1
TMG4_HUMAN	1.00	0.90	2335	0.00013	1900	1
VIP_HUMAN	1.00	0.90	2334	0.00013	1899	1
SEM3F_HUMAN	1.00	0.90	2333	0.00013	1898	1
ARNT_HUMAN	1.00	0.90	2337	0.00013	1902	1
ENPP2_HUMAN	1.00	0.90	2338	0.00013	1903	1
HBA_HUMAN	1.00	0.90	2339	0.00013	1904	1
MAZ_HUMAN	1.00	0.90	2340	0.00013	1905	1
MMP3_HUMAN	1.00	0.90	2341	0.00013	1906	1
RUNX3_HUMAN	1.00	0.90	2342	0.00013	1907	1
FGF7_HUMAN	1.00	0.90	2343	0.00013	1908	1
CD2AP_HUMAN	1.00	0.90	2344	0.00013	1909	1
YBOX3_HUMAN	1.00	0.90	2345	0.00013	1910	1
ACE_HUMAN	1.00	0.90	2346	0.00013	1911	1
DLX4_HUMAN	1.00	0.90	2347	0.00013	1912	1
NPHN_HUMAN	1.00	0.90	2348	0.00013	1913	1
ITA1_HUMAN	1.00	0.90	2349	0.00013	1914	1
CRP_HUMAN	1.00	0.90	2350	0.00013	1915	1
TENA_HUMAN	1.00	0.90	2351	0.00013	1916	1
ITA9_HUMAN	1.00	0.90	2352	0.00013	1917	1
PTN_HUMAN	1.00	0.90	2354	0.00013	1919	1
ADML_HUMAN	1.00	0.90	2353	0.00013	1918	1
LYAM3_HUMAN	1.00	0.90	2356	0.00013	1921	1
TXK_HUMAN	1.00	0.90	2355	0.00013	1920	1
VEGFB_HUMAN	1.00	0.90	2358	0.00013	1923	1
VGFR3_HUMAN	1.00	0.90	2357	0.00013	1922	1
TYRO3_HUMAN	1.00	0.90	2359	0.00013	1924	1
