Node	Degree	R[0]	R[0] Rank	R[N]	R[N] Ranking	
RAC1	29.00	26.02	3	0.00981	3
WASL	3.00	2.83	158	0.00138	248
MAP2K3	11.00	9.82	23	0.00332	28
TRADD	10.00	9.00	29	0.00333	27
GNGT1	1.00	0.95	291	0.00226	97
GNAT1	1.00	0.95	292	0.00226	98
COL6A2	4.00	3.43	145	0.00171	186
COL1A1	5.00	4.46	101	0.00206	128
LPAR4	7.00	5.73	69	0.00169	191
LTB4R	9.00	7.47	44	0.00185	159
VEGFA	15.00	13.49	10	0.00572	9
MEF2A	4.00	3.53	140	0.00138	251
MAPK14	24.00	21.51	5	0.00791	5
PPP3CA	9.00	7.76	41	0.00349	26
PPP3R1	6.00	5.40	75	0.00223	103
UBC	44.00	41.51	1	0.01932	1
BRE	3.00	2.81	165	0.00179	170
CYCS	8.00	6.83	53	0.00254	64
NPBWR1	10.00	8.15	37	0.00229	93
CASR	19.00	15.74	9	0.00384	19
IL15	3.00	2.59	183	0.00154	222
IL4	6.00	5.54	72	0.00318	32
SHB	3.00	2.75	169	0.00181	166
PDGFRA	2.00	1.85	215	0.00179	168
TACR1	15.00	12.47	16	0.00290	46
TACR3	7.00	5.69	70	0.00151	227
NEFH	2.00	1.77	235	0.00114	283
NEFM	2.00	1.78	230	0.00114	282
CDC42	19.00	16.82	8	0.00594	8
LIPC	4.00	3.67	130	0.00224	100
APOB	6.00	5.50	74	0.00261	59
LIMK1	3.00	2.56	188	0.00121	268
CASP3	14.00	12.68	15	0.00454	14
IFNG	9.00	7.92	40	0.00374	20
TNFRSF1B	4.00	3.55	138	0.00172	183
EDN2	6.00	5.00	91	0.00149	231
TP53	37.00	34.57	2	0.01407	2
PAFAH1B1	4.00	3.32	148	0.00184	161
MMP14	2.00	1.65	254	0.00138	250
MMP16	1.00	0.82	379	0.00091	328
CXCR5	5.00	4.07	123	0.00143	240
C3	8.00	6.82	54	0.00248	66
CASP9	8.00	7.44	45	0.00264	57
BAX	9.00	8.38	33	0.00294	44
PRKCE	5.00	4.35	106	0.00189	152
RB1	7.00	6.55	57	0.00301	41
MAP2K6	11.00	9.86	22	0.00351	25
ESR1	21.00	18.83	6	0.00689	7
MCHR1	15.00	12.38	17	0.00312	35
HLA-A	7.00	6.00	65	0.00368	22
ERBB2	13.00	12.11	18	0.00509	12
KAT2B	8.00	7.19	49	0.00366	23
NPY2R	10.00	8.19	35	0.00245	71
P2RY2	13.00	10.68	20	0.00255	63
P2RY6	10.00	8.22	34	0.00201	136
STAT1	13.00	11.99	19	0.00449	15
VDR	10.00	8.69	31	0.00330	29
GGA3	1.00	1.00	266	0.00076	353
HS3ST3A1	2.00	1.65	256	0.00099	311
SDC1	6.00	5.09	88	0.00247	69
YWHAZ	9.00	8.04	38	0.00363	24
BAD	7.00	6.41	60	0.00237	81
NEFL	7.00	5.93	67	0.00269	53
TNF	7.00	6.38	61	0.00288	48
APOC3	3.00	2.79	166	0.00148	233
GRIN2D	5.00	4.13	117	0.00178	174
MAPK11	15.00	12.76	13	0.00455	13
RALB	2.00	1.64	258	0.00087	332
RFC1	5.00	4.75	95	0.00232	87
GRIN2C	5.00	4.12	119	0.00178	175
CTNNB1	25.00	22.53	4	0.00935	4
MUC1	7.00	6.04	63	0.00306	38
ATXN2	3.00	2.87	156	0.00222	104
TARDBP	4.00	3.58	136	0.00207	125
PRKCZ	8.00	6.99	51	0.00290	47
OPRL1	6.00	4.93	92	0.00151	228
APOE	4.00	3.75	126	0.00195	145
DAXX	5.00	4.80	94	0.00261	58
CYP3A4	5.00	4.27	111	0.00210	119
SEMA3A	6.00	5.20	82	0.00238	79
RRAS	5.00	4.31	108	0.00185	158
ARHGEF2	2.00	1.87	213	0.00113	286
TCEA1	4.00	3.64	132	0.00182	165
CTDP1	4.00	3.55	139	0.00181	167
NCOR2	5.00	4.51	100	0.00192	147
RBPJ	4.00	3.60	134	0.00213	114
UPF1	3.00	2.83	160	0.00163	213
POLD1	6.00	5.54	71	0.00310	37
PFN1	2.00	1.82	221	0.00111	292
RASGRF1	8.00	7.01	50	0.00265	55
HNRNPA1	2.00	1.76	236	0.00149	230
TNFRSF1A	14.00	12.76	14	0.00509	11
KIF2C	1.00	0.81	387	0.00073	364
VEGFC	3.00	2.69	175	0.00142	243
TGFB1	15.00	12.99	12	0.00564	10
MBP	1.00	0.93	300	0.00213	115
PLP1	1.00	0.93	301	0.00213	116
RPA4	1.00	0.98	278	0.00105	299
RPA1	2.00	1.98	201	0.00159	218
BCL2L1	10.00	9.61	24	0.00318	31
CDK8	4.00	3.50	142	0.00178	173
NR4A1	6.00	5.19	87	0.00195	143
ADRBK1	11.00	9.41	25	0.00237	80
COL14A1	4.00	3.30	149	0.00169	196
GRIN2B	6.00	5.27	80	0.00222	105
PRKCD	7.00	6.01	64	0.00236	82
CACNA1S	5.00	4.21	113	0.00281	50
RYR1	1.00	0.91	313	0.00084	336
KCNIP4	1.00	0.81	380	0.00067	385
DRD3	11.00	9.07	28	0.00254	65
RARB	5.00	4.15	116	0.00166	203
PPARD	5.00	4.12	121	0.00169	192
RAB5A	2.00	1.75	238	0.00113	287
ALS2	2.00	1.81	223	0.00111	291
NOX1	3.00	2.83	159	0.00134	256
CYBA	4.00	3.74	127	0.00193	146
BAK1	5.00	4.91	93	0.00179	169
BID	10.00	9.15	27	0.00326	30
ADRA2A	4.00	3.27	151	0.00119	270
APAF1	9.00	8.57	32	0.00291	45
MAPK13	6.00	5.02	90	0.00185	160
CCR1	7.00	5.96	66	0.00247	67
DPYSL2	3.00	2.57	187	0.00143	241
NCBP1	10.00	8.87	30	0.00413	17
SNRPG	6.00	5.35	78	0.00268	54
RFC5	4.00	3.76	125	0.00230	92
MAD2L1	2.00	1.71	243	0.00166	204
RXRG	6.00	5.20	83	0.00200	138
TAB3	2.00	1.99	198	0.00107	295
TAB1	10.00	9.19	26	0.00372	21
TACR2	9.00	7.34	48	0.00183	162
PPIA	4.00	3.68	129	0.00176	177
MAPK12	8.00	6.87	52	0.00240	77
NME4	2.00	1.69	244	0.00131	260
BLK	3.00	2.58	186	0.00140	246
ILK	6.00	5.22	81	0.00214	113
CRKL	1.00	0.93	299	0.00112	289
NOX4	1.00	0.91	311	0.00078	351
DAZL	1.00	0.96	285	0.00231	89
PUM2	1.00	0.96	284	0.00231	88
GRK5	8.00	6.71	55	0.00167	199
BDKRB1	9.00	7.37	47	0.00199	139
CSTF3	5.00	4.13	118	0.00205	132
SSTR5	7.00	5.87	68	0.00172	182
KLF4	4.00	3.43	144	0.00162	215
SOD1	7.00	6.42	59	0.00304	39
LTA	3.00	2.71	172	0.00170	187
RBFOX1	1.00	0.97	282	0.00100	306
HTR2B	10.00	8.16	36	0.00206	126
OSM	3.00	2.81	164	0.00150	229
CDK5R1	2.00	1.66	251	0.00106	298
BCL2	14.00	13.16	11	0.00441	16
PAX2	2.00	1.63	260	0.00129	262
GDNF	3.00	2.62	182	0.00161	217
MARK2	2.00	1.80	225	0.00116	281
RPS19	2.00	1.76	237	0.00202	135
EIF3E	2.00	1.85	214	0.00205	130
SMAD3	6.00	5.52	73	0.00247	68
POMC	21.00	18.04	7	0.00733	6
NR0B1	2.00	1.77	231	0.00092	326
GPC1	6.00	5.20	85	0.00229	94
CACNB3	3.00	2.63	181	0.00175	179
CACNA1C	3.00	2.65	177	0.00175	178
GRIN2A	6.00	5.20	84	0.00221	107
SREBF2	5.00	4.30	109	0.00299	43
LSS	2.00	1.83	219	0.00147	234
ADRA1D	5.00	4.12	120	0.00119	271
KDR	8.00	7.40	46	0.00316	34
GNAL	3.00	2.43	196	0.00138	247
OR1D2	1.00	0.81	381	0.00074	363
HNRNPA2B1	5.00	4.20	114	0.00210	118
FUS	3.00	2.49	194	0.00143	242
DRD2	12.00	10.04	21	0.00275	52
ARHGDIB	2.00	1.91	206	0.00093	322
PPP3CB	6.00	5.04	89	0.00227	96
PPP2R4	2.00	1.63	259	0.00097	317
MAP3K5	7.00	6.63	56	0.00261	60
FGFR1	5.00	4.60	97	0.00232	86
NCAM1	6.00	5.35	77	0.00317	33
COL16A1	4.00	3.47	143	0.00172	184
TOP1	3.00	2.91	154	0.00137	253
CAT	5.00	4.32	107	0.00265	56
TFDP1	6.00	5.38	76	0.00303	40
RBL1	3.00	2.89	155	0.00162	216
SULT2B1	2.00	1.67	248	0.00114	284
IGFBP5	2.00	1.79	229	0.00157	220
VTN	6.00	5.29	79	0.00260	61
CD79A	4.00	3.58	135	0.00258	62
POLD4	4.00	3.71	128	0.00212	117
SUPT4H1	5.00	4.45	102	0.00238	78
CEL	3.00	2.64	179	0.00205	131
DGKG	2.00	1.62	263	0.00170	188
TIAM1	4.00	3.80	124	0.00154	223
COL9A2	4.00	3.30	150	0.00169	197
GPX1	7.00	6.19	62	0.00276	51
GSTP1	5.00	4.53	99	0.00210	120
EFNB3	3.00	2.54	189	0.00118	274
SF3B3	6.00	5.19	86	0.00246	70
UPF3A	2.00	1.82	222	0.00116	278
AKAP5	2.00	1.81	224	0.00152	225
PRKAR2A	2.00	1.89	208	0.00197	140
DHX38	5.00	4.40	103	0.00234	84
HSP90AA1	8.00	7.56	42	0.00299	42
CACNB4	5.00	4.29	110	0.00285	49
CDH1	9.00	8.03	39	0.00312	36
VCP	2.00	2.00	197	0.00169	193
GPR17	8.00	6.53	58	0.00186	157
AKAP13	1.00	0.89	319	0.00117	276
ITGA5	5.00	4.37	105	0.00196	141
CYP2C19	5.00	4.38	104	0.00228	95
GSTZ1	5.00	4.25	112	0.00206	129
E2F4	3.00	2.98	152	0.00163	212
PSMC5	3.00	2.77	167	0.00146	236
PRF1	3.00	2.59	184	0.00156	221
PDE4B	3.00	2.44	195	0.00235	83
AK4	1.00	0.82	377	0.00098	314
TSPO	1.00	0.86	344	0.00066	387
ALOX12	1.00	0.86	345	0.00074	361
TRIP13	1.00	0.88	322	0.00104	300
CASP1	2.00	1.83	217	0.00093	324
OAS2	1.00	0.81	382	0.00079	349
CYP11B2	3.00	2.69	176	0.00225	99
HSD11B1	1.00	0.87	332	0.00098	316
IFNA14	1.00	0.84	358	0.00071	371
NCL	3.00	2.76	168	0.00142	244
ERG	1.00	0.93	303	0.00068	382
FGFR3	3.00	2.75	170	0.00136	254
TGFB3	2.00	1.66	253	0.00104	301
PDE4C	2.00	1.63	261	0.00158	219
FGF4	3.00	2.82	162	0.00145	239
OPTN	1.00	0.99	269	0.00075	354
FAM175B	1.00	1.00	267	0.00089	331
DRD5	2.00	1.66	252	0.00106	296
GATA2	1.00	0.84	357	0.00081	342
EPO	3.00	2.58	185	0.00164	207
CSNK1G3	1.00	0.82	378	0.00069	376
AHR	3.00	2.95	153	0.00134	255
EXOC5	1.00	0.88	326	0.00065	390
SPTB	1.00	0.93	302	0.00082	339
SH3GL2	2.00	1.94	204	0.00137	252
CDK9	5.00	4.69	96	0.00218	108
ACE	1.00	0.86	347	0.00068	381
PNLIPRP1	2.00	1.77	232	0.00138	249
CDS1	1.00	0.81	388	0.00103	303
SERPINF2	2.00	1.79	227	0.00152	224
ELANE	1.00	0.96	290	0.00101	304
CCL23	1.00	0.97	283	0.00068	383
GUCY2C	5.00	4.15	115	0.00392	18
HAAO	1.00	0.81	391	0.00079	348
HLAC	1.00	0.86	346	0.00100	310
KIR2DL3	3.00	2.53	190	0.00234	85
ATM	4.00	3.56	137	0.00200	137
GNAQ	3.00	2.64	180	0.00090	330
STK36	1.00	0.96	288	0.00230	91
GLI1	1.00	0.96	287	0.00230	90
GRIN1	2.00	1.97	202	0.00100	305
GAST	9.00	7.53	43	0.00215	111
UBE3A	4.00	3.64	131	0.00191	151
UBQLN2	2.00	1.83	218	0.00127	264
IL9	1.00	0.86	340	0.00080	345
TF	3.00	2.50	192	0.00169	198
GFAP	2.00	1.67	247	0.00128	263
GH1	2.00	1.98	199	0.00221	106
GHR	2.00	1.84	216	0.00217	109
PPP3CC	3.00	2.50	193	0.00127	265
FDFT1	2.00	1.89	209	0.00149	232
PTHLH	1.00	0.86	334	0.00066	386
RAP1GAP	1.00	0.83	369	0.00069	375
MYLIP	1.00	0.88	324	0.00073	365
BMPR2	2.00	1.80	226	0.00116	280
PPYR1	5.00	4.08	122	0.00126	266
SMN2	3.00	2.83	161	0.00195	144
SNRPN	1.00	0.91	314	0.00091	329
GSR	4.00	3.50	141	0.00177	176
CD22	1.00	0.95	293	0.00092	327
INSR	2.00	1.73	241	0.00119	272
OSMR	2.00	1.94	205	0.00116	279
CHMP2B	1.00	0.83	361	0.00072	367
CSNK1E	3.00	2.70	173	0.00165	206
NPAS2	1.00	0.88	323	0.00082	338
DIO2	1.00	0.83	367	0.00169	195
DIO3	1.00	0.83	366	0.00169	194
DCTN1	2.00	1.69	245	0.00099	312
ERBB4	3.00	2.74	171	0.00141	245
PAPPA	2.00	1.88	210	0.00207	124
VIPR1	2.00	1.65	257	0.00106	297
KIR2DL1	1.00	0.86	343	0.00080	346
PLXNA3	4.00	3.40	146	0.00162	214
EIF3F	2.00	1.88	211	0.00206	127
SIRPA	2.00	1.95	203	0.00119	269
CASP2	4.00	3.61	133	0.00147	235
CYP17A1	2.00	1.79	228	0.00111	290
HSD11B2	1.00	0.93	304	0.00100	308
S100A2	1.00	0.99	270	0.00070	372
PAX5	3.00	2.69	174	0.00209	123
ITPR2	1.00	0.83	370	0.00133	259
INPP5A	2.00	1.66	250	0.00244	72
HIST1H1C	1.00	0.87	333	0.00073	366
SMN1	3.00	2.82	163	0.00165	205
XRCC4	1.00	0.95	298	0.00080	347
ALDOB	1.00	0.87	329	0.00186	155
KHK	1.00	0.87	330	0.00186	156
TAX1BP1	1.00	0.90	317	0.00074	362
PAX3	1.00	0.92	307	0.00081	343
PRLR	2.00	1.83	220	0.00216	110
ITPKC	1.00	0.84	359	0.00133	258
HLA-B*40	1.00	0.82	374	0.00098	315
CGA	2.00	1.88	212	0.00117	277
NFYC	2.00	1.65	255	0.00114	285
LTB	1.00	0.91	315	0.00084	334
LAMA3	1.00	0.98	277	0.00243	74
LAMC2	1.00	0.98	276	0.00243	73
PRKCH	2.00	1.63	262	0.00093	323
AUH	1.00	0.81	389	0.00163	210
HMGCS2	1.00	0.81	390	0.00163	211
PNPT1	2.00	1.66	249	0.00133	257
NME3	3.00	2.51	191	0.00171	185
CHAF1B	1.00	0.96	286	0.00108	294
CBX5	2.00	1.77	233	0.00167	200
GPKOW	1.00	0.98	274	0.00078	350
SND1	1.00	0.88	325	0.00081	344
PRG2	1.00	0.98	275	0.00126	267
CD3G	4.00	3.37	147	0.00192	148
PRKAB1	1.00	0.96	289	0.00070	373
IMPA1	1.00	0.81	384	0.00164	208
INPP4B	1.00	0.81	385	0.00164	209
ST3GAL3	1.00	0.84	360	0.00072	368
ANKRD2	1.00	0.86	336	0.00068	379
GALT	1.00	0.95	295	0.00223	101
UGP2	1.00	0.95	296	0.00223	102
DUSP2	1.00	0.86	337	0.00064	392
BTG2	1.00	0.87	331	0.00068	378
IL6ST	5.00	4.56	98	0.00214	112
PTPRF	3.00	2.84	157	0.00195	142
PPFIA1	1.00	0.98	281	0.00093	325
FHL3	1.00	0.88	328	0.00187	154
KLF3	1.00	0.88	327	0.00187	153
EOMES	3.00	2.65	178	0.00151	226
TWIST1	1.00	0.89	321	0.00191	150
MSX2	1.00	0.89	320	0.00191	149
ETV4	1.00	0.81	383	0.00068	380
PRPH	1.00	0.98	280	0.00241	76
PRPH2	1.00	0.98	279	0.00241	75
CHD8	1.00	0.99	272	0.00070	374
GPLD1	1.00	0.85	349	0.00178	172
PIGL	1.00	0.85	348	0.00178	171
ATP6V0A1	1.00	0.81	392	0.00081	340
IL13RA1	1.00	1.00	268	0.00083	337
TYRP1	2.00	1.72	242	0.00146	238
RAD23A	2.00	1.98	200	0.00129	261
PDE10A	1.00	0.85	352	0.00100	309
PKHD1	1.00	0.86	335	0.00183	163
HNF1B	1.00	0.86	339	0.00183	164
PSME3	2.00	1.77	234	0.00112	288
SRD5A1	1.00	0.84	356	0.00065	388
TBX5	1.00	0.85	351	0.00074	360
DCT	1.00	0.90	318	0.00097	318
SCRIB	1.00	0.82	376	0.00075	357
CCL1	1.00	0.91	308	0.00067	384
ST3GAL4	1.00	0.83	362	0.00072	369
MED22	2.00	1.74	240	0.00104	302
CR2	1.00	0.99	271	0.00065	391
KCNA3	1.00	0.83	363	0.00170	189
KCNS3	1.00	0.83	364	0.00170	190
AREGB	1.00	0.86	341	0.00069	377
MEN1	2.00	1.74	239	0.00118	273
RUNX1	1.00	0.91	312	0.00095	321
TRIM25	2.00	1.67	246	0.00146	237
PDE1C	1.00	0.85	350	0.00100	307
6-Sep	1.00	0.84	355	0.00096	319
SEC24C	1.00	0.81	386	0.00084	335
SLC18A3	1.00	0.82	373	0.00167	202
RAB3A	1.00	0.82	372	0.00167	201
FASN	1.00	0.99	273	0.00075	355
PDE1B	1.00	0.83	368	0.00099	313
CACNA1A	1.00	0.95	297	0.00085	333
TRIM21	1.00	1.00	264	0.00076	352
SUPT6H	1.00	0.82	375	0.00075	356
CCS	1.00	0.95	294	0.00074	359
PKP1	1.00	0.93	306	0.00210	122
DSC1	1.00	0.93	305	0.00210	121
BMPR1A	2.00	1.91	207	0.00118	275
XDH	1.00	0.90	316	0.00081	341
TNFSF13B	1.00	0.86	338	0.00071	370
SRM	1.00	0.84	354	0.00174	181
ABP1	1.00	0.84	353	0.00174	180
DERL1	1.00	1.00	265	0.00110	293
INTS4	1.00	0.91	309	0.00204	133
KIAA0513	1.00	0.91	310	0.00204	134
SRD5A2	1.00	0.82	371	0.00065	389
ONECUT1	1.00	0.86	342	0.00074	358
UBA7	1.00	0.83	365	0.00095	320
